src/uuv_eskf_nav/gazebo_terrain.asc
ncols        257
nrows        257
xllcorner    -500.0
yllcorner    -500.0
cellsize     3.906250
NODATA_value -9999
[rows 208 to 233 of 257, columns 120 to 179 of 257]
-105.8588 -105.9666 -106.1677 -106.4604 -106.7896 -107.0854 -107.3144 -107.4938 -107.6549 -107.7951 -107.8689 -107.8280 -107.6707 -107.4499 -107.2324 -107.0483 -106.8821 -106.7123 -106.5567 -106.4762 -106.5302 -106.7287 -107.0280 -107.3743 -107.7505 -108.1800 -108.6834 -109.2352 -109.7651 -110.2051 -110.5354 -110.7850 -110.0216 -109.8690 -109.6560 -109.4004 -109.1549 -108.9884 -108.9344 -108.9585 -108.9814 -109.4636 -109.1661 -108.9372 -108.8310 -108.8485 -108.9460 -109.0844 -109.2678 -109.5321 -109.8962 -110.3255 -110.7465 -111.0987 -111.3729 -111.5989 -111.7963 -111.9406 -111.9800 -111.8865
-106.5368 -106.6702 -106.6327 -106.6179 -106.8260 -107.2574 -107.7049 -107.9506 -107.9730 -107.9580 -108.1036 -108.4122 -108.6774 -108.6804 -108.4013 -108.0380 -107.8143 -107.7682 -107.7309 -107.5155 -107.1271 -106.7838 -106.7245 -106.9923 -107.4050 -107.7410 -107.9547 -108.2072 -108.6837 -109.3798 -110.0725 -109.4992 -109.1845 -108.6939 -108.3164 -108.1748 -108.1577 -108.0765 -107.8788 -107.7028 -107.7236 -107.9530 -108.6804 -108.5358 -108.2550 -108.0142 -108.0333 -108.3544 -108.7922 -109.1060 -109.2255 -109.3065 -109.5632 -110.0431 -110.5690 -110.9051 -110.9816 -110.9560 -111.0486 -111.3168
-106.0171 -106.6244 -107.2268 -107.5135 -107.5272 -107.5959 -107.9894 -108.6354 -109.1706 -109.2794 -108.9935 -108.6616 -108.6183 -108.8699 -109.0992 -108.9825 -108.5125 -108.0130 -107.8321 -108.0106 -108.2458 -108.1875 -107.7808 -107.3251 -107.1925 -107.4772 -107.9139 -108.1425 -108.0610 -107.9263 -107.2108 -107.3173 -107.4805 -107.3672 -106.9043 -106.3956 -106.2717 -106.6970 -107.4054 -107.9212 -107.9639 -107.6622 -108.0387 -107.7538 -107.7444 -107.6709 -107.3392 -106.9160 -106.7857 -107.1849 -107.9677 -108.7290 -109.1678 -109.3441 -109.5835 -110.1257 -110.8610 -111.4110 -111.4782 -111.1285
-106.2686 -105.9407 -106.2510 -106.9904 -107.6705 -107.9707 -108.0168 -108.2299 -108.8933 -109.8459 -110.5958 -110.7506 -110.3629 -109.8681 -109.6746 -109.7904 -109.8361 -109.4297 -108.5777 -107.7025 -107.2765 -107.4034 -107.7398 -107.8279 -107.5271 -107.1403 -107.1160 -107.6102 -108.3208 -108.7530 -107.5493 -106.5646 -105.6460 -105.1544 -105.0331 -104.9525 -104.7052 -104.4583 -104.6081 -105.3714 -106.5085 -107.4583 -107.7825 -107.9811 -107.3673 -107.1711 -107.4073 -107.6902 -107.6111 -107.1404 -106.6729 -106.6731 -107.2509 -108.0647 -108.6416 -108.8123 -108.8530 -109.2006 -110.0119 -110.9835
-109.3907 -108.6745 -107.3213 -107.0268 -107.3552 -108.0324 -108.5490 -108.6296 -108.4800 -108.5846 -109.2419 -110.2620 -111.1079 -111.3515 -111.0334 -110.5986 -110.4712 -110.6581 -110.7454 -110.2914 -109.2549 -108.0656 -107.2703 -107.0726 -107.1858 -107.1279 -106.6872 -106.1301 -105.9599 -105.6793 -106.0712 -106.1606 -105.5923 -104.5501 -103.6358 -103.3874 -103.8540 -104.5960 -105.0934 -105.1862 -105.1560 -105.3932 -105.9777 -107.1043 -107.0072 -106.4676 -105.8033 -105.5337 -105.9105 -106.6843 -107.3236 -107.4860 -107.3138 -107.2848 -107.7573 -108.6267 -109.4088 -109.6735 -109.4337 -109.1322
-109.8403 -110.1778 -110.0472 -108.9471 -108.5535 -108.5368 -109.0470 -109.7730 -110.2187 -110.1430 -109.7722 -109.5963 -109.9287 -110.6209 -111.1862 -111.2218 -110.7555 -110.2100 -110.0168 -110.2251 -110.4537 -110.2302 -109.4160 -108.3409 -107.5257 -107.2402 -107.2869 -107.2011 -106.6885 -105.0918 -103.9728 -103.2716 -102.9881 -102.7834 -102.3520 -101.7727 -101.5045 -102.0085 -103.3179 -104.9389 -106.1839 -106.6662 -106.5432 -106.8775 -106.6445 -106.7436 -106.7414 -106.2912 -105.4752 -104.7647 -104.6305 -105.1463 -105.9366 -106.5130 -106.7012 -106.7775 -107.1976 -108.1589 -109.3892 -110.3522
-110.0290 -109.7154 -109.7676 -109.9032 -109.3761 -109.2888 -109.1877 -109.4573 -110.1885 -111.0797 -111.6762 -111.7423 -111.4465 -111.2005 -111.2931 -111.6352 -111.8355 -111.5425 -110.7567 -109.8414 -109.2239 -109.0417 -109.0400 -108.8069 -108.1429 -107.2445 -106.5441 -106.3428 -106.5545 -105.9854 -105.3185 -104.0910 -102.6888 -101.6244 -101.1693 -101.2081 -101.4185 -101.5988 -101.8457 -102.4262 -103.4657 -104.7407 -105.7805 -106.7593 -106.3189 -105.7826 -105.5629 -105.7869 -106.1927 -106.3628 -106.0943 -105.5842 -105.2702 -105.4630 -106.0869 -106.7518 -107.0934 -107.0876 -107.0668 -107.4239
-112.8413 -111.7456 -110.7097 -110.1129 -109.9786 -109.7306 -109.8656 -109.7767 -109.7166 -109.9762 -110.6272 -111.4435 -112.0677 -112.2851 -112.1777 -112.0305 -112.0714 -112.2635 -112.3264 -111.9685 -111.1365 -110.0721 -109.1283 -108.4971 -108.0763 -107.5841 -106.8245 -105.8778 -105.0560 -104.6580 -103.5267 -103.1668 -102.5745 -101.6969 -100.8152 -100.3696 -100.6413 -101.5401 -102.6664 -103.5934 -104.1453 -104.4541 -104.7698 -105.6930 -105.8501 -105.8166 -105.4300 -104.8221 -104.3288 -104.2275 -104.5216 -104.9509 -105.2193 -105.2467 -105.2350 -105.4922 -106.1634 -107.0937 -107.9414 -108.4448
-114.3224 -113.7803 -112.8643 -111.8816 -111.1499 -110.4580 -110.6759 -110.9087 -111.0019 -110.9466 -110.8875 -111.0021 -111.3486 -111.8071 -112.1625 -112.2628 -112.1254 -111.9059 -111.7562 -111.6890 -111.5593 -111.1797 -110.4752 -109.5521 -108.6248 -107.8587 -107.2569 -106.6812 -105.9883 -105.1703 -103.3900 -102.2989 -101.4488 -100.8462 -100.4144 -100.1153 -100.0283 -100.3077 -101.0449 -102.1477 -103.3428 -104.3143 -105.6062 -105.4978 -105.3482 -105.3125 -105.3963 -105.4576 -105.3332 -104.9867 -104.5564 -104.2625 -104.2477 -104.4794 -104.7915 -105.0311 -105.1890 -105.4077 -105.8607 -106.6001
-114.6936 -114.1782 -113.4946 -112.7970 -112.1966 -111.3660 -111.3460 -111.4036 -111.5344 -111.6921 -111.8268 -111.9226 -112.0049 -112.1120 -112.2536 -112.3902 -112.4504 -112.3736 -112.1455 -111.7993 -111.3828 -110.9174 -110.3832 -109.7402 -108.9705 -108.1062 -107.2219 -106.3949 -105.6648 -105.0230 -103.6853 -102.7333 -101.7755 -100.9309 -100.3329 -100.0693 -100.1492 -100.5128 -101.0698 -101.7369 -102.4497 -103.1510 -104.3253 -104.5661 -104.7086 -104.7339 -104.6760 -104.5966 -104.5412 -104.5123 -104.4792 -104.4159 -104.3368 -104.2994 -104.3722 -104.5918 -104.9411 -105.3670 -105.8214 -106.2103
-115.3039 -114.9635 -114.3371 -113.6208 -113.0006 -112.2111 -112.2288 -112.2862 -112.3203 -112.2855 -112.1965 -112.1208 -112.1288 -112.2369 -112.3890 -112.4904 -112.4689 -112.3172 -112.0857 -111.8311 -111.5629 -111.2284 -110.7486 -110.0791 -109.2483 -108.3447 -107.4622 -106.6445 -105.8707 -105.0920 -104.2894 -102.6962 -101.6868 -100.8632 -100.3088 -100.0362 -100.0059 -100.1699 -100.5031 -100.9980 -101.6311 -102.9584 -103.3800 -103.7320 -103.9560 -104.0670 -104.1324 -104.2153 -104.3252 -104.4136 -104.4191 -104.3245 -104.1831 -104.0927 -104.1353 -104.3282 -104.6232 -104.9221 -105.0399 -105.1587
-114.5264 -114.4742 -114.3769 -114.2064 -113.9089 -113.1846 -112.9829 -112.8699 -112.9503 -113.1627 -113.3328 -113.3080 -113.0738 -112.7654 -112.5653 -112.5632 -112.6833 -112.7317 -112.5311 -112.0434 -111.3895 -110.7537 -110.2430 -109.8076 -109.2806 -108.5086 -107.4755 -106.3281 -105.2833 -104.4847 -103.9149 -103.4262 -102.1263 -101.2396 -100.4115 -99.8778 -99.7888 -100.1063 -100.6275 -101.1184 -102.0599 -102.1015 -102.2363 -102.5735 -103.0693 -103.5460 -103.8139 -103.8049 -103.6208 -103.4594 -103.4735 -103.6666 -103.9022 -104.0187 -103.9631 -103.8389 -103.7009 -103.8122 -104.1796 -104.6574
-114.6928 -114.3096 -113.9356 -113.8266 -113.4825 -113.8720 -113.9303 -113.6297 -113.1663 -112.8300 -112.8067 -113.0535 -113.3359 -113.3991 -113.1508 -112.7243 -112.3755 -112.2906 -112.4409 -112.5911 -112.4565 -111.8958 -111.0040 -110.0386 -109.2325 -108.6298 -108.0607 -107.2754 -106.1382 -104.7443 -103.3724 -102.3071 -101.6568 -101.2972 -100.9789 -99.7630 -99.1814 -99.4923 -99.3993 -99.7734 -100.4774 -101.2190 -101.7431 -101.9936 -102.1332 -102.4053 -102.9406 -103.6476 -104.2658 -104.5459 -104.4260 -104.0791 -103.7962 -103.7866 -103.9520 -104.1341 -104.1016 -103.7765 -103.3089 -102.9867
-115.0462 -115.4663 -115.3396 -114.9576 -114.3581 -114.5629 -114.9476 -115.2492 -115.1882 -114.6752 -113.8876 -113.1610 -112.7704 -112.7513 -112.8851 -112.8573 -112.4791 -111.8177 -111.1460 -110.7456 -110.7025 -110.8366 -110.8161 -110.3777 -109.5009 -108.4165 -107.4437 -106.7694 -106.3233 -105.8360 -105.0379 -103.8619 -102.5069 -101.3181 -100.5651 -100.2717 -100.2143 -100.0886 -99.7292 -99.2282 -98.8707 -98.9319 -99.4777 -100.3068 -101.0765 -101.5253 -101.6384 -101.6432 -101.8378 -102.3732 -103.1409 -103.8432 -104.1645 -104.0214 -103.6163 -103.2878 -103.2879 -103.6206 -104.0535 -104.2932
-112.7301 -113.9259 -114.4328 -115.2515 -115.5371 -115.4656 -115.3605 -115.4732 -115.8162 -116.1593 -116.1933 -115.7477 -114.9171 -114.0097 -113.3517 -113.0784 -113.0511 -112.9562 -112.5182 -111.6855 -110.6631 -109.7714 -109.2263 -108.9894 -108.7890 -108.2997 -107.3591 -106.0783 -104.7709 -103.7492 -103.1239 -102.7413 -102.3007 -101.5700 -100.5569 -99.5175 -98.7964 -98.6051 -98.8864 -99.3556 -99.6902 -99.7417 -99.6259 -99.6334 -100.0197 -100.8178 -101.7996 -102.6128 -103.0039 -102.9962 -102.8166 -102.7390 -102.9425 -103.3466 -103.6730 -103.6443 -103.1854 -102.4919 -101.9168 -101.7528
-111.5167 -112.1001 -112.9857 -114.0873 -115.1240 -115.7901 -115.9443 -115.6963 -115.3344 -115.1408 -115.2138 -115.4125 -115.4578 -115.1243 -114.3969 -113.4910 -112.7201 -112.2990 -112.2076 -112.2049 -111.9835 -111.3657 -110.4129 -109.3798 -108.5425 -108.0138 -107.6660 -107.2116 -106.3911 -105.1456 -103.6620 -102.2630 -101.2106 -100.5520 -100.1059 -99.5978 -98.8547 -97.9332 -97.0955 -96.6489 -96.7522 -97.3139 -98.0489 -98.6556 -99.0010 -99.1922 -99.4904 -100.2020 -101.2609 -102.4288 -103.3786 -103.8652 -103.8737 -103.6232 -103.4237 -103.4785 -103.7610 -104.0439 -104.0618 -103.7007
-112.9001 -113.5811 -114.0466 -114.5138 -115.1416 -115.9162 -116.6473 -117.0800 -117.0502 -116.5881 -115.9034 -115.2624 -114.8315 -114.5859 -114.3390 -113.8733 -113.0898 -112.0816 -111.0846 -110.3363 -109.9305 -109.7589 -109.5765 -109.1511 -108.4021 -107.4444 -106.5092 -105.7932 -105.3305 -104.9692 -104.4668 -103.6453 -102.5095 -101.2526 -100.1469 -99.3864 -98.9793 -98.7569 -98.4930 -98.0570 -97.5049 -97.0505 -96.9336 -97.2691 -98.0240 -98.9774 -99.7644 -100.2547 -100.5160 -100.7529 -101.1628 -101.7972 -102.5185 -103.0789 -103.2721 -103.0637 -102.6181 -102.2047 -102.0410 -102.1714
-111.8748 -113.2094 -114.3476 -115.1896 -115.7738 -116.2347 -116.7045 -117.2202 -117.6917 -117.9506 -117.8516 -117.3632 -116.5940 -115.7370 -114.9659 -114.3440 -113.8006 -113.1880 -112.3842 -111.3775 -110.2825 -109.2769 -108.4971 -107.9564 -107.5353 -107.0497 -106.3582 -105.4421 -104.4121 -103.4384 -102.6456 -102.0384 -101.5015 -100.8752 -100.0600 -99.0869 -98.1101 -97.3268 -96.8700 -96.7398 -96.8136 -96.9580 -97.1702 -97.3317 -97.5666 -98.0220 -98.7657 -99.7295 -100.7325 -101.5730 -102.1321 -102.4294 -102.5970 -102.7884 -103.0788 -103.4159 -103.6537 -103.6454 -103.3421 -102.8353
-111.0125 -112.0585 -113.2074 -114.3504 -115.3624 -116.1546 -116.7084 -117.0704 -117.3118 -117.4781 -117.5570 -117.4847 -117.1861 -116.6250 -115.8354 -114.9140 -113.9772 -113.1086 -112.3238 -111.5750 -110.7902 -109.9240 -108.9908 -108.0597 -107.2153 -106.5068 -105.9160 -105.3633 -104.7487 -104.0055 -103.1349 -102.2029 -101.3017 -100.4980 -99.7987 -99.1540 -98.4958 -97.7882 -97.1057 -96.6024 -96.2820 -96.2127 -96.3930 -96.7539 -97.1973 -97.6479 -98.0890 -98.5609 -99.1242 -99.8090 -100.5817 -101.3486 -101.9955 -102.4415 -102.6757 -102.7566 -102.7748 -102.8012 -102.8501 -102.8794
-111.1219 -112.0940 -113.0930 -114.0865 -115.0378 -115.9082 -116.6598 -117.2595 -117.6824 -117.9137 -117.9482 -117.7884 -117.4427 -116.9240 -116.2495 -115.4414 -114.5273 -113.5390 -112.5100 -111.4715 -110.4495 -109.4619 -108.5193 -107.6257 -106.7815 -105.9846 -105.2311 -104.5143 -103.8244 -103.1487 -102.4732 -101.7864 -101.0816 -100.3600 -99.6299 -98.9979 -98.4286 -97.9191 -97.4814 -97.1274 -96.8690 -96.7183 -96.6868 -96.7823 -97.0064 -97.3525 -97.8049 -98.3415 -98.9362 -99.5622 -100.1934 -100.8053 -101.3744 -101.8779 -102.2953 -102.6101 -102.8132 -102.9053 -102.8973 -102.8090
-110.5857 -111.4385 -112.4402 -113.5338 -114.6190 -115.5896 -116.3727 -116.9508 -117.3547 -117.6322 -117.8112 -117.8761 -117.7716 -117.4327 -116.8228 -115.9610 -114.9217 -113.8078 -112.7089 -111.6688 -110.6770 -109.6889 -108.6626 -107.5925 -106.5200 -105.5167 -104.6477 -103.9364 -103.3491 -102.8093 -102.2334 -101.6154 -100.9454 -100.2733 -99.6672 -99.1727 -98.7890 -98.4706 -98.1556 -97.8040 -97.4251 -97.0793 -96.8510 -96.8091 -96.9736 -97.3066 -97.7332 -98.1789 -98.6046 -99.0202 -99.4693 -99.9942 -100.6010 -101.2433 -101.8360 -102.2903 -102.5537 -102.6323 -102.5855 -102.4945
-111.2546 -111.8465 -112.4466 -113.1620 -114.0544 -115.0931 -116.1554 -117.0737 -117.7065 -117.9965 -117.9873 -117.7897 -117.5173 -117.2230 -116.8719 -116.3631 -115.5897 -114.5047 -113.1584 -111.6872 -110.2580 -108.9976 -107.9412 -107.0279 -106.1433 -105.1836 -104.1084 -103.0195 -102.0388 -101.2806 -100.7890 -100.5100 -100.3139 -100.0561 -99.6469 -99.0926 -98.4893 -97.9706 -97.6385 -97.5121 -97.5212 -97.5472 -97.4905 -97.3276 -97.1287 -97.0249 -97.1432 -97.5406 -98.1731 -98.9144 -99.6154 -100.1732 -100.5748 -100.8931 -101.2376 -101.6868 -102.2379 -102.8001 -103.2367 -103.4335
-111.1333 -112.1574 -113.0440 -113.7373 -114.2977 -114.8594 -115.5507 -116.4150 -117.3737 -118.2507 -118.8457 -119.0220 -118.7650 -118.1821 -117.4459 -116.7083 -116.0281 -115.3492 -114.4938 -113.3739 -111.9463 -110.2880 -108.5765 -107.0181 -105.7598 -104.8291 -104.1306 -103.5010 -102.7951 -101.9592 -101.0569 -100.2331 -99.6361 -99.3369 -99.2862 -99.3326 -99.2915 -99.0329 -98.5430 -97.9303 -97.3716 -97.0267 -96.9625 -97.1243 -97.3688 -97.5410 -97.5559 -97.4447 -97.3408 -97.4129 -97.7780 -98.4392 -99.2767 -100.1001 -100.7342 -101.0967 -101.2298 -101.2704 -101.3749 -101.6358
-109.8790 -110.5847 -111.5748 -112.6692 -113.6630 -114.4163 -114.9109 -115.2467 -115.5800 -116.0340 -116.6257 -117.2442 -117.6923 -117.7719 -117.3722 -116.5209 -115.3706 -114.1312 -112.9764 -111.9720 -111.0575 -110.0911 -108.9333 -107.5311 -105.9587 -104.3969 -103.0584 -102.0957 -101.5351 -101.2669 -101.0995 -100.8484 -100.4201 -99.8506 -99.2803 -98.8786 -98.7543 -98.8966 -99.1739 -99.3927 -99.3881 -99.1025 -98.6143 -98.1042 -97.7723 -97.7478 -98.0321 -98.5030 -98.9773 -99.3013 -99.4251 -99.4253 -99.4653 -99.7120 -100.2488 -101.0284 -101.8863 -102.6121 -103.0418 -103.1302
-111.4073 -111.3791 -111.5316 -111.9924 -112.7679 -113.7366 -114.6975 -115.4546 -115.8958 -116.0333 -115.9853 -115.9093 -115.9186 -116.0196 -116.1014 -115.9817 -115.4882 -114.5393 -113.1864 -111.5979 -109.9929 -108.5530 -107.3541 -106.3470 -105.3959 -104.3558 -103.1531 -101.8312 -100.5393 -99.4703 -98.7752 -98.4935 -98.5328 -98.7058 -98.8093 -98.7099 -98.3958 -97.9738 -97.6123 -97.4565 -97.5573 -97.8440 -98.1564 -98.3186 -98.2231 -97.8839 -97.4355 -97.0758 -96.9811 -97.2291 -97.7670 -98.4371 -99.0500 -99.4692 -99.6707 -99.7484 -99.8648 -100.1685 -100.7189 -101.4512
-112.8404 -113.1775 -113.3107 -113.3236 -113.3665 -113.5895 -114.0730 -114.7872 -115.5985 -116.3192 -116.7809 -116.8977 -116.6939 -116.2831 -115.8099 -115.3791 -115.0054 -114.6055 -114.0361 -113.1616 -111.9214 -110.3668 -108.6503 -106.9729 -105.5099 -104.3484 -103.4634 -102.7416 -102.0420 -101.2662 -100.4076 -99.5569 -98.8613 -98.4569 -98.4034 -98.6499 -99.0492 -99.4128 -99.5852 -99.5034 -99.2175 -98.8629 -98.5967 -98.5272 -98.6663 -98.9268 -99.1644 -99.2463 -99.1152 -98.8203 -98.5007 -98.3283 -98.4347 -98.8550 -99.5111 -100.2441 -100.8799 -101.3011 -101.4918 -101.5384
