src/uuv_eskf_nav/gazebo_terrain.asc
ncols        257
nrows        257
xllcorner    -500.0
yllcorner    -500.0
cellsize     3.906250
NODATA_value -9999
[rows 182 to 207 of 257, columns 0 to 59 of 257]
-103.1868 -103.2182 -103.1918 -102.4278 -101.7913 -102.5204 -104.1699 -105.2443 -105.4854 -105.9520 -106.9257 -107.4150 -107.0694 -105.1001 -106.2999 -107.5681 -107.7572 -107.4802 -107.9887 -109.1253 -109.8594 -110.2861 -111.4242 -113.1672 -114.1353 -113.8685 -113.6083 -114.2819 -115.1249 -115.2044 -115.0376 -115.4627 -115.8969 -115.2342 -113.8953 -113.3709 -113.9163 -114.2996 -113.9543 -113.7710 -114.2801 -114.6041 -113.9522 -113.3947 -114.0519 -115.2878 -115.7012 -115.3098 -115.2312 -116.1437 -116.3393 -116.0307 -116.3816 -117.7483 -118.7718 -118.3416 -117.1775 -116.4313 -115.8474 -114.6299
-102.7441 -102.8322 -102.8920 -102.1320 -101.4468 -102.2300 -104.0945 -105.3897 -105.6938 -106.1319 -107.1546 -107.7286 -107.2981 -105.0924 -106.2058 -107.6625 -108.0182 -107.6089 -107.8683 -108.9603 -109.7655 -110.0740 -111.0143 -112.9139 -114.3928 -114.4387 -114.0217 -114.5033 -115.5257 -115.8809 -115.6905 -116.0523 -116.8525 -116.7156 -115.3392 -114.2056 -114.3467 -114.8712 -114.6515 -114.1849 -114.4781 -115.0648 -114.6885 -113.5676 -113.3629 -114.4266 -115.3469 -115.2285 -114.9275 -115.2720 -116.3223 -116.0242 -115.6061 -116.3414 -117.7633 -118.1737 -117.1714 -116.0241 -115.4200 -114.5458
-102.2760 -102.3525 -102.4478 -101.7542 -101.1010 -101.8877 -103.8348 -105.3196 -105.7846 -106.2690 -107.3354 -108.0345 -107.6559 -105.2820 -106.1920 -107.6995 -108.2757 -107.8997 -107.9489 -108.9065 -109.7693 -110.0309 -110.6917 -112.4738 -114.3149 -114.8470 -114.5006 -114.7495 -115.7725 -116.4032 -116.2901 -116.4706 -117.3856 -117.8465 -116.8836 -115.4336 -114.9840 -115.3722 -115.3295 -114.7165 -114.6200 -115.2512 -115.3980 -114.3126 -113.2852 -113.5996 -114.6016 -114.9054 -114.5725 -114.6956 -115.8894 -116.0635 -115.3578 -115.1002 -116.0532 -117.0640 -116.7830 -115.6323 -114.8436 -114.3529
-101.8279 -101.8230 -101.8935 -101.3126 -100.7719 -101.5279 -103.4215 -105.0255 -105.7163 -106.3251 -107.4323 -108.2674 -108.0662 -105.6530 -106.3146 -107.7134 -108.4738 -108.2703 -108.2145 -108.9889 -109.8656 -110.1674 -110.5870 -112.0412 -113.9624 -114.9686 -114.9233 -115.0483 -115.9417 -116.7658 -116.8438 -116.8639 -117.6222 -118.4617 -118.1494 -116.8478 -115.9383 -115.9553 -115.9813 -115.3804 -114.8828 -115.2162 -115.6842 -115.1905 -113.8571 -113.2947 -113.8246 -114.3346 -114.1538 -114.0038 -114.5174 -115.6426 -115.3330 -114.5408 -114.5497 -115.3863 -115.7609 -115.0717 -114.1850 -113.8102
-101.4434 -101.2934 -101.2758 -100.8330 -100.4746 -101.1845 -102.9027 -104.5287 -105.4685 -106.2704 -107.4208 -108.3745 -108.4401 -106.1479 -106.6024 -107.7613 -108.5970 -108.6389 -108.6137 -109.2120 -110.0401 -110.4427 -110.7510 -111.8082 -113.5098 -114.7893 -115.1554 -115.3463 -116.0842 -116.9762 -117.3053 -117.3123 -117.7900 -118.6503 -118.8862 -118.0863 -117.0882 -116.7169 -116.6405 -116.1343 -115.4034 -115.2410 -115.6127 -115.5805 -114.6609 -113.6096 -113.4284 -113.7367 -113.6989 -113.3973 -113.5576 -114.1456 -114.8911 -114.3395 -113.7622 -113.9287 -114.3873 -114.2304 -113.5140 -113.0284
-101.1600 -100.8144 -100.6495 -100.3474 -100.2209 -100.8865 -102.3363 -103.8763 -105.0459 -106.0883 -107.2899 -108.3244 -108.6940 -106.6769 -107.0419 -107.8992 -108.6694 -108.9468 -109.0760 -109.5587 -110.2790 -110.7880 -111.1440 -111.8927 -113.1794 -114.4263 -115.1305 -115.5483 -116.2072 -117.0551 -117.6014 -117.7759 -118.0647 -118.6795 -119.1145 -118.8539 -118.1403 -117.5994 -117.3288 -116.8887 -116.1524 -115.5926 -115.5214 -115.5359 -115.1128 -114.1960 -113.5279 -113.3789 -113.2836 -112.9691 -112.7887 -113.0608 -113.4197 -113.2862 -113.3460 -113.0789 -113.2023 -113.2494 -112.3507 -111.9431
-101.0056 -100.4319 -100.0724 -99.8918 -100.0195 -100.6546 -101.7816 -103.1351 -104.4783 -105.7788 -107.0434 -108.1114 -108.7666 -107.1363 -107.5744 -108.1584 -108.7400 -109.1725 -109.5320 -109.9946 -110.5746 -111.1378 -111.6587 -112.2959 -113.1510 -114.0867 -114.8988 -115.5816 -116.2837 -117.0348 -117.6807 -118.1200 -118.4560 -118.8101 -119.0925 -119.1022 -118.8127 -118.4062 -118.0096 -117.5484 -116.9372 -116.2864 -115.7823 -115.4258 -115.0500 -114.6002 -113.8692 -113.3475 -112.9902 -112.6563 -112.3641 -112.2548 -112.3288 -112.3870 -112.2860 -112.1206 -112.0485 -112.0352 -111.9098 -111.6316
-100.9957 -100.1833 -99.5994 -99.5037 -99.8768 -100.5000 -101.2917 -102.3819 -103.8173 -105.3599 -106.6986 -107.7556 -108.6307 -107.4306 -108.1054 -108.5280 -108.8594 -109.3299 -109.9297 -110.4744 -110.9249 -111.4558 -112.1684 -112.9085 -113.4892 -113.9807 -114.6163 -115.4502 -116.2828 -116.9562 -117.5546 -118.2048 -118.8048 -119.1234 -119.1300 -119.0432 -119.0143 -118.9229 -118.5874 -118.0564 -117.5314 -117.0537 -116.4598 -115.6827 -114.9293 -114.4424 -114.1032 -113.4955 -112.8543 -112.3509 -112.0822 -111.8974 -111.6215 -111.3314 -111.2449 -111.3813 -111.5094 -111.4588 -111.3178 -111.2263
-101.1321 -100.0930 -99.2770 -99.2185 -99.7971 -100.4243 -100.9072 -101.6930 -103.1302 -104.8662 -106.2841 -107.2981 -108.2988 -107.4948 -108.5264 -108.9509 -109.0549 -109.4551 -110.2442 -110.9500 -111.3270 -111.7448 -112.5786 -113.5604 -114.1196 -114.2299 -114.4798 -115.2473 -116.2033 -116.8619 -117.3070 -117.9830 -118.8932 -119.4735 -119.3764 -118.9897 -118.8935 -119.0559 -118.9547 -118.4074 -117.8295 -117.5436 -117.2308 -116.4027 -115.1950 -114.2683 -113.9366 -113.6110 -112.8510 -112.0487 -111.6630 -111.6371 -111.4196 -110.7847 -110.2068 -110.1956 -110.5714 -110.7503 -110.5849 -110.4827
-101.4028 -100.1706 -99.1385 -99.0661 -99.7840 -100.4212 -100.6527 -101.1352 -102.4903 -104.3452 -105.8366 -106.7937 -107.8204 -107.3101 -108.7414 -109.3357 -109.3148 -109.5848 -110.4755 -111.3782 -111.7691 -112.0373 -112.8617 -114.0931 -114.8636 -114.8145 -114.6375 -115.1197 -116.0901 -116.7904 -117.0628 -117.5463 -118.5971 -119.5932 -119.7245 -119.1341 -118.7217 -118.8881 -119.0548 -118.6250 -117.9041 -117.5926 -117.6395 -117.2246 -115.9504 -114.4873 -113.7008 -113.5283 -112.9324 -111.8760 -111.1003 -111.0543 -111.2145 -110.7666 -109.7844 -109.1540 -109.3352 -109.7674 -109.7579 -109.4857
-101.7835 -100.4099 -99.2008 -99.0675 -99.8403 -100.4795 -100.5358 -100.7573 -101.9679 -103.8524 -105.3969 -106.3014 -107.2717 -106.9091 -108.6925 -109.5800 -109.5858 -109.7367 -110.6392 -111.7251 -112.2232 -112.3718 -113.0584 -114.4229 -115.5173 -115.5828 -115.1194 -115.2005 -116.0224 -116.7702 -116.9333 -117.0890 -117.9836 -119.2853 -119.8943 -119.4189 -118.6974 -118.6122 -118.9130 -118.7218 -117.9202 -117.3388 -117.4680 -117.6171 -116.8150 -115.1871 -113.8187 -113.3008 -113.0504 -111.9642 -110.7046 -110.1882 -110.4931 -110.6326 -109.8755 -108.7545 -108.3046 -108.6354 -108.8865 -108.5723
-102.2405 -100.7898 -99.4622 -99.2324 -99.9678 -100.5857 -100.5487 -100.5856 -101.6208 -103.4441 -105.0060 -105.8753 -106.7405 -106.3699 -108.3775 -109.5997 -109.7865 -109.8965 -110.7523 -111.9684 -112.6442 -112.7647 -113.2492 -114.5666 -115.9368 -116.3190 -115.8215 -115.5430 -116.0796 -116.8163 -116.9677 -116.8099 -117.2905 -118.5721 -119.6388 -119.5884 -118.8097 -118.3905 -118.6138 -118.6767 -117.9816 -117.0860 -116.9064 -117.3227 -117.2264 -115.9984 -114.3452 -113.3218 -112.9445 -112.3021 -110.7851 -109.5489 -109.3796 -109.8414 -109.7678 -108.8004 -107.8164 -107.6589 -107.9968 -107.9151
-102.7342 -101.2768 -99.9028 -99.5574 -100.1668 -100.7275 -100.6723 -100.6230 -101.4869 -103.1705 -104.7014 -105.5576 -106.3091 -105.7992 -107.8533 -109.3560 -109.8319 -110.0198 -110.8206 -112.0961 -112.9759 -113.1910 -113.5066 -114.6215 -116.0927 -116.8371 -116.5514 -116.0918 -116.3012 -116.9301 -117.1364 -116.8090 -116.7984 -117.7043 -118.9317 -119.3834 -118.8600 -118.2451 -118.2425 -118.4479 -118.0338 -117.0356 -116.3760 -116.5659 -116.9136 -116.3872 -114.9626 -113.6023 -112.9258 -112.4466 -111.3097 -109.5911 -108.5600 -108.6219 -108.9742 -108.6233 -107.6522 -107.0006 -107.1034 -107.3147
-103.2236 -101.8289 -100.4866 -100.0251 -100.4352 -100.8957 -100.8813 -100.8508 -101.5806 -103.0694 -104.5144 -105.3749 -106.0402 -105.3100 -107.2249 -108.8705 -109.6626 -110.0459 -110.8337 -112.1048 -113.1635 -113.5825 -113.8512 -114.7074 -116.0690 -117.0575 -117.1141 -116.7037 -116.6627 -117.1002 -117.3560 -117.0390 -116.6727 -117.0205 -118.0087 -118.7425 -118.6225 -118.0591 -117.8340 -118.0123 -117.9051 -117.1108 -116.1613 -115.8440 -116.1154 -116.1066 -115.2346 -113.9211 -112.9615 -112.4420 -111.7021 -110.2220 -108.5619 -107.7638 -107.8198 -107.8709 -107.3143 -106.5259 -106.2409 -106.4797
-103.6705 -102.3997 -101.1649 -100.6055 -100.7674 -101.0853 -101.1489 -101.2340 -101.8920 -103.1617 -104.4674 -105.3375 -105.9669 -104.9975 -106.6225 -108.2250 -109.2675 -109.9206 -110.7679 -111.9977 -113.1681 -113.8459 -114.2308 -114.9004 -116.0094 -117.0288 -117.3944 -117.2105 -117.0803 -117.3054 -117.5382 -117.3411 -116.8731 -116.7470 -117.2312 -117.8671 -118.0280 -117.6846 -117.3670 -117.3988 -117.4522 -117.0223 -116.1669 -115.4857 -115.3460 -115.3877 -114.9754 -114.0000 -112.9685 -112.2838 -111.7073 -110.7344 -109.1904 -107.7628 -107.0858 -106.9193 -106.6292 -106.0042 -105.4687 -105.4289
-104.0439 -102.9442 -101.8821 -101.2583 -101.1533 -101.2956 -101.4520 -101.7282 -102.3896 -103.4488 -104.5729 -105.4422 -106.0910 -104.9211 -106.1720 -107.5445 -108.6949 -109.6191 -110.5977 -111.7835 -112.9791 -113.8942 -114.5326 -115.1862 -116.0364 -116.8892 -117.3982 -117.4908 -117.4433 -117.5167 -117.6368 -117.5409 -117.1859 -116.8647 -116.8633 -117.1022 -117.2351 -117.0767 -116.8061 -116.6875 -116.6907 -116.5194 -116.0111 -115.3714 -114.9242 -114.6968 -114.3836 -113.7343 -112.8596 -112.0592 -111.4114 -110.6771 -109.6470 -108.2937 -107.1282 -106.4167 -105.9416 -105.4114 -104.8388 -104.4909
-104.3229 -103.4229 -102.5808 -101.9364 -101.5782 -101.5291 -101.7739 -102.2866 -103.0260 -103.9128 -104.8322 -105.6762 -106.3870 -105.0939 -105.9666 -106.9683 -108.0450 -109.1624 -110.3112 -111.4774 -112.6187 -113.6792 -114.6253 -115.4571 -116.1819 -116.7843 -117.2328 -117.5154 -117.6572 -117.6991 -117.6629 -117.5473 -117.3579 -117.1292 -116.9076 -116.7146 -116.5359 -116.3494 -116.1560 -115.9734 -115.8033 -115.6158 -115.3726 -115.0611 -114.6963 -114.2880 -113.8181 -113.2562 -112.5955 -111.8622 -111.0878 -110.2797 -109.4287 -108.5424 -107.5003 -106.5131 -105.6680 -104.9548 -104.3629 -103.9041
-104.4994 -103.8066 -103.2086 -102.5907 -102.0227 -101.7893 -102.1056 -102.8669 -103.7453 -104.5195 -105.2361 -106.0224 -106.8119 -105.4850 -106.0476 -106.6162 -107.4477 -108.6191 -109.9219 -111.1021 -112.1388 -113.2130 -114.4122 -115.5544 -116.3640 -116.7849 -117.0371 -117.3450 -117.6764 -117.8141 -117.6630 -117.3952 -117.2479 -117.2297 -117.1114 -116.7189 -116.1619 -115.7119 -115.4840 -115.3200 -115.0162 -114.5981 -114.2899 -114.2142 -114.2045 -113.9737 -113.4341 -112.7729 -112.1945 -111.6606 -110.9559 -109.9916 -108.9544 -108.1047 -107.4720 -106.7039 -105.7696 -104.7925 -104.0184 -103.5458
-104.5786 -104.0792 -103.7233 -103.1750 -102.4647 -102.0789 -102.4457 -103.4361 -104.4908 -105.2227 -105.7653 -106.4633 -107.3175 -106.0304 -106.3974 -106.5599 -107.0301 -108.0921 -109.4747 -110.6892 -111.6084 -112.5685 -113.8751 -115.3365 -116.4190 -116.8440 -116.8997 -117.0828 -117.5108 -117.8218 -117.6730 -117.2074 -116.9023 -116.9836 -117.1356 -116.8729 -116.1265 -115.3275 -114.8905 -114.7372 -114.4418 -113.8086 -113.1527 -112.9256 -113.1436 -113.3273 -113.0352 -112.3436 -111.6932 -111.3060 -110.9008 -110.0628 -108.8008 -107.5927 -106.8477 -106.4397 -105.7979 -104.8108 -103.7815 -103.1404
-104.5784 -104.2394 -104.0975 -103.6516 -102.8809 -102.3978 -102.7978 -103.9731 -105.2125 -105.9704 -106.3914 -106.9827 -107.8620 -106.6515 -106.9485 -106.8074 -106.8838 -107.6940 -109.0399 -110.2780 -111.0976 -111.8593 -113.0884 -114.7460 -116.1771 -116.8151 -116.8064 -116.8081 -117.2047 -117.6851 -117.6770 -117.0998 -116.5077 -116.4424 -116.7759 -116.8435 -116.2178 -115.2003 -114.4485 -114.1965 -114.0127 -113.3811 -112.3894 -111.6754 -111.6843 -112.1248 -112.2828 -111.8192 -111.1005 -110.6792 -110.5692 -110.2046 -109.1361 -107.6185 -106.3663 -105.7586 -105.4382 -104.7437 -103.6452 -102.6605
-104.5278 -104.3007 -104.3218 -103.9954 -103.2497 -102.7421 -103.1678 -104.4690 -105.8722 -106.7111 -107.0794 -107.5661 -108.4170 -107.2746 -107.6027 -107.3036 -107.0419 -107.5170 -108.6985 -109.9126 -110.6627 -111.2055 -112.1983 -113.8422 -115.5456 -116.5240 -116.6438 -116.5273 -116.8007 -117.3746 -117.5982 -117.0909 -116.2537 -115.8400 -116.0868 -116.4295 -116.1449 -115.1721 -114.1554 -113.6709 -113.5583 -113.1500 -112.1191 -110.9335 -110.3622 -110.6042 -111.0587 -111.0049 -110.3924 -109.8199 -109.7427 -109.8647 -109.4460 -108.1717 -106.5548 -105.3881 -104.8805 -104.4814 -103.5979 -102.3775
-104.4632 -104.2898 -104.4055 -104.1974 -103.5546 -103.1042 -103.5610 -104.9251 -106.4464 -107.3997 -107.7904 -108.1988 -108.9706 -107.8476 -108.2579 -107.9471 -107.4711 -107.6078 -108.5220 -109.6353 -110.3357 -110.6975 -111.3739 -112.7873 -114.5607 -115.8579 -116.2583 -116.1686 -116.3095 -116.8739 -117.3272 -117.0710 -116.1926 -115.4210 -115.3274 -115.6868 -115.7353 -115.0310 -113.9343 -113.1653 -112.9594 -112.8047 -112.0653 -110.7675 -109.6307 -109.2960 -109.6271 -109.8828 -109.5541 -108.9030 -108.5878 -108.8218 -109.0506 -108.5366 -107.1848 -105.6625 -104.6697 -104.1958 -103.6039 -102.4859
-104.4249 -104.2436 -104.3756 -104.2661 -103.7870 -103.4737 -103.9794 -105.3493 -106.9269 -108.0020 -108.4842 -108.8630 -109.5238 -108.3477 -108.8328 -108.6189 -108.0826 -107.9548 -108.5526 -109.4799 -110.1232 -110.3729 -110.7491 -111.7884 -113.3838 -114.8314 -115.5409 -115.6230 -115.7037 -116.1828 -116.7756 -116.8524 -116.1873 -115.2612 -114.7683 -114.8717 -115.0412 -114.6538 -113.6841 -112.7129 -112.2528 -112.1609 -111.8049 -110.7993 -109.4800 -108.5748 -108.4331 -108.6709 -108.6228 -108.0848 -107.5108 -107.4454 -107.8404 -108.0379 -107.4511 -106.1860 -104.9111 -104.1224 -103.6290 -102.8292
-104.4524 -104.2052 -104.2741 -104.2276 -103.9486 -103.8395 -104.4205 -105.7527 -107.3188 -108.4975 -109.1236 -109.5361 -110.0832 -108.7814 -109.2838 -109.2130 -108.7568 -108.4915 -108.7908 -109.4640 -110.0118 -110.2117 -110.3803 -111.0210 -112.2428 -113.5931 -114.4935 -114.8100 -114.9378 -115.3181 -115.9218 -116.2728 -115.9815 -115.2000 -114.4902 -114.2433 -114.2818 -114.0767 -113.3399 -112.3403 -111.6016 -111.3177 -111.1357 -110.5485 -109.4686 -108.3510 -107.7270 -107.6551 -107.6867 -107.3756 -106.7687 -106.3338 -106.4068 -106.7708 -106.8364 -106.2349 -105.1811 -104.2128 -103.5983 -103.0630
-104.5802 -104.2185 -104.1528 -104.1230 -104.0526 -104.1926 -104.8772 -106.1454 -107.6370 -108.8805 -109.6775 -110.1895 -110.6524 -109.1747 -109.6099 -109.6614 -109.3760 -109.1145 -109.1942 -109.5849 -109.9790 -110.1536 -110.2335 -110.5662 -111.3430 -112.3712 -113.2446 -113.7339 -113.9838 -114.3111 -114.8266 -115.2890 -115.3504 -114.9301 -114.3130 -113.8651 -113.6652 -113.4456 -112.9007 -112.0309 -111.1538 -110.5701 -110.2462 -109.8554 -109.1363 -108.1856 -107.3707 -106.9552 -106.8357 -106.6682 -106.2458 -105.7187 -105.4195 -105.4812 -105.6595 -105.5541 -104.9968 -104.1959 -103.4875 -102.9639
-104.8338 -104.3239 -104.0680 -104.0045 -104.1237 -104.5289 -105.3395 -106.5346 -107.9023 -109.1589 -110.1244 -110.7903 -111.2242 -109.5586 -109.8450 -109.9460 -109.8535 -109.7120 -109.6876 -109.8189 -110.0028 -110.1269 -110.2078 -110.3869 -110.7876 -111.3813 -112.0024 -112.4989 -112.8621 -113.2035 -113.6056 -114.0063 -114.2388 -114.1890 -113.9051 -113.5456 -113.2197 -112.8843 -112.4053 -111.7162 -110.9074 -110.1510 -109.5402 -109.0094 -108.4194 -107.7179 -107.0079 -106.4519 -106.1112 -105.8878 -105.6289 -105.2826 -104.9434 -104.7380 -104.6724 -104.6013 -104.3530 -103.8834 -103.2986 -102.7274
