src/uuv_eskf_nav/gazebo_terrain.asc
ncols        257
nrows        257
xllcorner    -500.0
yllcorner    -500.0
cellsize     3.906250
NODATA_value -9999
[rows 156 to 181 of 257, columns 180 to 239 of 257]
-115.2503 -116.4148 -118.1256 -120.0988 -119.7919 -117.7062 -115.4236 -112.0388 -108.7290 -109.0555 -112.0797 -114.0933 -114.9235 -115.0146 -112.8952 -109.8238 -108.5772 -108.3495 -108.4574 -111.1789 -115.6966 -117.9194 -117.3789 -115.8609 -113.2760 -111.0999 -112.2246 -115.1761 -116.9199 -118.3078 -119.6582 -118.3278 -114.6733 -111.7279 -109.8795 -109.3212 -111.8000 -115.3044 -115.6216 -113.3560 -111.0627 -108.3049 -105.6900 -105.7280 -107.5530 -109.0433 -110.9140 -112.3805 -110.3129 -105.8921 -103.2609 -102.8338 -103.7363 -106.5776 -109.3352 -108.9732 -106.9586 -105.3578 -102.8934 -100.2862
-114.5886 -117.8362 -120.3843 -120.9310 -120.1353 -117.4234 -113.5035 -111.3975 -111.5283 -111.9611 -113.1077 -115.5430 -116.7924 -115.4690 -113.1214 -110.3798 -107.6964 -107.7091 -111.0036 -114.3431 -116.1698 -117.3659 -117.1253 -114.8766 -112.9210 -112.5231 -112.8686 -114.7675 -118.1788 -120.6756 -119.6510 -116.9371 -114.4271 -111.4622 -110.4359 -112.1074 -113.9123 -114.6170 -115.1575 -114.3228 -110.7606 -106.9133 -105.2399 -105.3358 -107.1590 -110.4866 -112.1826 -110.4517 -107.6668 -105.4960 -103.4214 -102.6681 -104.5359 -107.0761 -108.5882 -109.3960 -108.3425 -104.4590 -100.8329 -100.4264
-117.1212 -119.0702 -120.7763 -121.0969 -119.2335 -116.5198 -114.0511 -111.9776 -111.6021 -113.8145 -116.6095 -117.7934 -117.4122 -115.6600 -112.5416 -109.8178 -109.1830 -110.0607 -111.8781 -114.9262 -117.7364 -118.0878 -116.3449 -114.1611 -112.2717 -111.8687 -113.6739 -117.0343 -119.1731 -119.8518 -119.3065 -116.8859 -113.5321 -111.5023 -111.2848 -112.6484 -114.8302 -116.8537 -116.1819 -112.9196 -109.3504 -106.5614 -105.0864 -105.9719 -108.4562 -110.2235 -110.6076 -109.9576 -107.5798 -104.0607 -102.0758 -102.7535 -104.9325 -107.6973 -109.8675 -109.3927 -106.3841 -103.3980 -101.6964 -101.1354
-118.1038 -120.5610 -121.4693 -120.5633 -118.2987 -115.3959 -113.1755 -112.8089 -114.1245 -116.1754 -118.1871 -119.2021 -118.2651 -115.6361 -112.6267 -110.3924 -109.8110 -111.4198 -114.4415 -117.0657 -118.1435 -117.5694 -115.6310 -113.2907 -112.1235 -112.3881 -114.5177 -117.3538 -119.8102 -120.4138 -118.6431 -115.6360 -112.9239 -111.5358 -112.1094 -114.2854 -116.7284 -117.1515 -115.7366 -112.7773 -109.0280 -106.0881 -105.3063 -106.5322 -108.7019 -110.6011 -110.8298 -108.7522 -105.4759 -102.8448 -101.9007 -102.9232 -105.5467 -108.2923 -109.4483 -108.5559 -106.1859 -103.2227 -101.1090 -101.2518
-119.6213 -121.3601 -121.2288 -119.5036 -116.9422 -114.4262 -113.2127 -114.0060 -116.1019 -118.3483 -119.9892 -120.2115 -118.4573 -115.4575 -112.6927 -111.1639 -111.4357 -113.6237 -116.5942 -118.5302 -118.6167 -117.1726 -114.8284 -112.6964 -111.6877 -113.0185 -115.5129 -118.1690 -119.9785 -119.7918 -117.4788 -114.4632 -112.3233 -111.8265 -113.1817 -115.7056 -117.6183 -117.7969 -115.5847 -112.1882 -108.5454 -106.0908 -105.8914 -107.4727 -109.4762 -110.7284 -110.1877 -107.5591 -104.0900 -101.7538 -101.4990 -103.1576 -106.0088 -108.5713 -109.2330 -107.7539 -105.1706 -102.6036 -101.1686 -101.8861
-120.7658 -121.0443 -120.3636 -118.1607 -115.5147 -114.1227 -114.0184 -114.9875 -117.5639 -120.6713 -121.8003 -120.4461 -118.0168 -115.2315 -112.7991 -112.3676 -114.1265 -116.2899 -118.0000 -119.3647 -119.2732 -116.9380 -114.0460 -112.0689 -111.8891 -113.4125 -116.6346 -119.4802 -119.7587 -118.0410 -115.8321 -113.4836 -111.8430 -112.3753 -114.5791 -116.6327 -117.9296 -118.4363 -115.9468 -111.5011 -107.8235 -106.4354 -106.8240 -108.5593 -110.7395 -111.1218 -108.8375 -105.7769 -103.2618 -101.3921 -101.1501 -103.3392 -106.3771 -108.2672 -108.6758 -107.3979 -104.2668 -101.2798 -100.9732 -103.0558
-121.9998 -121.6021 -119.0015 -116.4434 -114.4364 -113.2821 -114.5874 -117.8829 -120.3021 -121.0957 -121.4607 -120.7212 -117.9595 -115.0835 -113.9520 -114.0472 -115.3378 -118.4271 -121.2146 -120.8946 -118.3370 -115.8828 -113.8169 -112.0255 -112.9147 -115.5291 -117.4249 -118.3442 -118.9558 -117.8610 -114.5494 -111.7519 -111.4203 -112.7130 -115.1083 -118.2886 -119.6990 -117.5026 -114.0553 -111.0296 -108.6653 -107.2385 -108.0813 -110.0843 -110.8482 -110.2750 -108.8922 -105.7567 -101.6307 -99.8369 -101.3600 -104.0533 -106.6624 -108.6385 -108.1562 -105.0479 -102.3308 -101.7211 -102.1014 -103.3460
-120.9196 -119.6045 -117.9070 -115.3001 -113.9242 -114.7426 -116.1151 -117.9408 -121.1499 -123.5230 -122.3630 -119.2331 -116.8289 -115.1606 -114.4821 -116.3290 -119.4792 -120.9243 -120.8177 -120.6960 -119.3759 -116.0830 -113.4844 -112.8183 -113.7952 -115.6354 -118.6436 -120.3149 -118.2557 -114.6212 -112.4392 -111.4928 -111.5119 -113.7332 -117.0085 -118.4455 -118.0882 -117.2845 -115.2382 -110.8423 -107.8034 -108.0012 -109.5392 -111.0239 -112.3583 -111.4904 -107.2970 -102.8057 -101.0559 -101.1234 -101.9014 -104.2135 -106.9667 -107.4938 -106.1283 -104.7188 -102.8229 -100.5393 -100.7613 -104.2593
-122.2794 -119.1682 -115.7662 -114.2202 -113.8039 -114.7973 -118.1985 -121.7147 -122.4290 -121.5023 -120.8738 -119.4182 -116.7837 -115.5585 -116.6120 -118.1561 -120.0753 -122.9108 -124.0839 -121.4203 -117.4456 -115.1838 -114.2649 -113.7965 -115.8895 -118.6723 -119.1605 -117.8667 -116.7888 -115.0159 -111.8850 -110.1947 -111.6730 -114.3483 -116.8658 -119.3778 -119.9075 -116.5378 -112.2717 -109.9008 -109.5197 -109.7191 -111.1485 -112.9645 -112.3516 -109.3631 -106.6867 -104.1972 -101.0946 -99.7721 -101.9807 -105.1725 -106.8463 -107.3340 -106.2749 -102.7935 -99.5502 -100.0154 -103.0201 -105.5906
-119.2441 -117.5211 -115.6910 -114.2231 -115.0617 -117.3817 -119.1788 -121.0095 -123.1936 -123.1892 -120.0986 -117.0334 -116.1002 -116.3880 -117.8623 -121.1659 -124.0494 -123.9415 -122.1738 -120.7610 -118.7675 -115.9303 -114.8206 -115.6805 -117.3642 -118.7090 -120.1602 -119.8265 -116.1123 -111.7970 -110.2435 -110.9413 -112.6013 -115.6260 -118.7662 -119.1383 -117.0218 -115.0248 -113.5289 -110.7646 -109.2334 -110.6052 -112.7338 -113.3959 -112.8585 -110.8637 -106.3433 -101.4581 -100.0084 -101.7348 -103.8046 -105.6051 -107.0799 -106.3300 -103.2687 -100.9869 -100.7563 -101.0095 -101.9607 -105.0490
-119.7993 -116.1756 -114.4361 -114.8933 -116.2787 -118.7861 -122.0536 -123.4746 -122.0386 -120.0408 -118.8405 -117.4910 -116.4694 -117.6174 -120.3181 -122.4878 -124.0624 -125.2630 -124.2374 -120.4540 -116.9264 -115.9535 -116.6363 -117.5870 -119.9217 -121.5850 -120.3064 -117.1567 -114.6331 -112.7109 -110.8858 -110.8860 -113.5180 -116.5112 -118.1430 -118.8181 -117.9854 -114.5653 -110.9296 -109.6352 -111.0069 -112.7359 -114.2035 -114.9978 -113.0036 -108.5609 -104.7034 -102.9176 -102.0025 -101.9586 -103.8918 -106.3249 -106.6584 -105.1361 -103.2320 -100.8359 -98.6279 -99.2884 -103.1764 -106.9826
-117.4861 -116.3023 -115.6923 -116.4272 -118.7899 -121.0871 -122.1724 -122.6332 -122.3171 -120.1738 -117.2064 -115.9717 -117.0545 -119.2261 -122.0292 -125.0037 -126.1953 -124.5770 -121.8987 -119.8810 -118.2966 -117.3000 -118.1691 -120.0193 -121.5342 -121.6113 -120.7187 -118.3442 -114.3188 -110.9579 -110.5688 -112.5063 -115.0586 -117.6316 -119.2428 -118.2295 -115.0931 -112.4194 -111.5662 -111.1263 -111.6919 -113.6675 -115.4090 -114.8475 -112.2900 -109.1310 -105.4371 -102.1005 -101.3764 -103.5330 -106.0264 -107.0171 -106.5711 -104.5673 -101.1261 -98.4772 -98.8121 -101.2863 -103.8958 -106.2216
-117.2027 -115.9504 -116.7170 -118.7044 -120.9125 -122.8942 -123.7858 -122.6512 -120.1278 -117.9361 -116.8670 -116.8522 -118.2248 -121.0277 -123.9359 -125.5239 -125.6510 -124.5454 -122.1239 -119.2362 -117.7651 -118.5130 -120.5069 -122.2031 -123.5325 -123.1558 -120.4262 -116.5677 -113.5640 -112.1406 -112.1739 -113.7815 -116.4369 -118.3934 -118.4280 -116.9354 -114.6475 -112.3870 -110.4414 -110.7966 -113.0750 -115.3402 -116.2440 -115.1692 -112.1129 -107.7674 -104.1700 -102.9664 -103.7440 -105.2427 -106.7418 -107.3829 -106.0747 -103.1196 -100.3037 -98.8740 -98.9677 -100.7360 -103.9698 -106.9625
-117.0866 -117.4331 -118.9842 -121.1972 -123.1876 -124.0748 -123.4787 -121.6490 -119.2537 -117.2062 -116.4452 -117.4522 -119.8968 -122.8427 -125.2251 -126.1804 -125.3405 -123.1322 -120.6523 -119.0396 -118.9307 -120.3232 -122.5827 -124.5659 -124.6374 -123.1143 -120.0832 -116.5401 -113.7025 -112.6011 -113.5193 -115.7283 -117.9167 -118.9099 -118.1200 -115.7506 -112.8254 -111.0252 -110.6028 -111.9637 -114.2492 -116.2043 -116.5674 -114.5515 -111.0231 -107.2786 -104.6339 -103.8435 -104.8587 -106.7676 -108.1278 -107.7927 -105.6097 -102.4098 -99.5245 -98.2395 -99.1900 -101.8856 -104.9127 -106.7972
-118.0339 -119.5374 -121.5024 -123.5889 -124.8608 -124.4769 -122.7595 -120.5967 -118.4549 -116.8636 -116.8638 -118.8642 -121.8363 -124.4192 -125.9441 -125.9842 -124.2477 -121.5295 -119.5373 -119.2379 -120.3215 -122.2476 -124.5100 -125.9844 -125.5074 -122.6933 -119.5099 -116.4789 -114.2522 -113.7619 -115.3119 -117.6685 -119.1394 -119.0190 -117.3616 -114.4611 -111.7176 -110.1337 -110.9331 -113.1510 -115.3892 -116.7708 -116.2850 -113.6136 -109.8150 -106.6737 -105.1841 -105.2133 -106.4252 -108.2132 -109.1476 -107.9765 -105.0426 -101.7665 -99.2881 -98.4045 -99.7519 -102.8347 -105.7095 -106.6749
-118.9392 -121.3266 -124.1128 -125.5983 -125.6644 -124.6804 -122.3089 -119.0500 -116.9806 -117.3288 -119.1021 -121.1591 -123.4763 -125.5247 -125.8707 -124.3516 -122.4450 -120.9810 -119.7421 -119.3718 -121.0408 -124.0646 -126.2695 -126.6490 -125.5479 -122.9680 -118.6943 -115.4355 -114.7874 -116.2380 -117.9719 -119.2546 -119.8458 -118.7571 -116.1761 -112.9171 -111.2196 -110.9235 -111.5360 -113.4007 -115.9767 -117.1687 -115.5024 -112.4757 -109.3305 -106.4861 -104.9368 -105.9394 -108.6420 -110.4028 -109.8680 -107.6832 -104.5347 -100.9809 -98.7266 -99.3393 -101.9296 -104.2648 -105.4783 -105.7397
-122.3640 -124.3620 -125.6382 -126.4343 -125.5801 -123.0135 -120.6547 -119.4968 -118.6840 -118.2938 -119.8115 -123.0055 -125.4822 -126.0153 -125.3856 -123.8466 -121.0557 -118.5087 -118.6049 -121.1675 -123.8607 -125.6447 -126.8439 -126.7041 -124.2437 -120.7920 -118.5833 -117.7127 -117.2059 -117.1514 -119.0763 -120.8497 -120.7520 -118.3234 -115.5255 -112.6185 -110.0184 -109.6719 -112.3615 -115.7164 -117.1484 -116.4006 -114.3198 -111.0149 -107.3284 -105.6849 -106.9080 -108.9264 -109.9767 -110.3302 -109.9320 -107.6205 -103.8444 -101.0465 -100.3737 -100.8347 -102.0084 -104.3340 -106.5283 -106.1925
-122.6756 -125.8270 -127.4140 -126.6082 -124.8818 -122.8783 -120.1247 -117.8653 -118.3919 -121.3158 -123.9254 -125.1556 -125.8772 -125.8014 -123.8152 -120.9905 -119.6613 -119.9298 -120.3711 -121.3094 -123.8782 -126.7608 -127.4255 -125.7870 -123.4942 -120.8735 -117.8319 -116.2322 -117.7915 -120.8425 -122.3559 -121.7988 -120.1975 -117.3971 -113.4158 -110.5234 -110.6904 -112.6394 -114.1539 -115.2381 -116.3767 -115.7384 -112.8052 -109.4085 -107.6314 -107.1050 -107.0860 -108.4468 -111.1401 -112.4866 -110.5683 -106.8876 -103.6615 -101.2478 -99.9992 -101.3517 -104.8857 -107.3383 -106.6231 -104.1430
-126.2569 -126.6134 -126.3525 -125.4871 -123.1887 -120.6911 -120.0500 -120.8790 -121.5208 -122.3363 -124.5227 -126.8395 -126.9407 -124.9892 -122.8273 -120.8083 -118.6418 -117.9321 -120.3392 -124.2785 -126.6848 -126.9592 -126.2554 -124.4609 -121.1976 -118.3331 -118.0421 -119.5114 -120.5740 -121.1543 -122.0687 -122.1132 -119.6990 -115.9930 -113.3239 -111.9078 -111.0336 -111.6449 -114.4899 -117.3577 -117.1937 -114.3491 -111.1971 -108.4152 -106.1212 -105.9315 -108.7544 -112.1602 -113.0504 -111.4611 -109.1287 -106.3455 -103.1342 -101.3856 -102.5657 -104.9721 -106.1234 -106.0811 -105.8097 -104.4939
-125.6322 -127.0964 -126.1663 -123.8889 -122.1203 -120.9026 -119.9124 -120.4664 -123.4131 -126.7515 -127.9579 -127.1722 -125.7910 -123.7588 -120.8309 -118.7194 -119.1368 -121.0971 -122.6914 -124.0166 -125.7983 -126.7807 -125.3593 -122.4865 -120.2704 -119.0017 -118.1239 -118.5642 -121.1395 -123.9114 -124.0904 -121.6298 -118.4099 -115.1838 -112.0730 -110.6510 -112.3165 -115.4545 -117.1143 -116.7080 -115.0708 -112.8295 -109.6122 -106.9206 -106.7962 -108.6705 -110.3370 -111.2551 -112.0918 -111.9928 -109.5294 -105.7713 -103.3741 -103.0453 -103.6370 -104.9165 -107.1599 -108.6885 -107.1655 -103.1952
-126.0007 -124.6992 -123.4564 -122.0648 -120.5894 -120.4411 -122.2415 -124.5264 -125.9583 -126.9953 -128.0199 -127.7986 -125.4842 -122.4403 -120.4135 -119.4676 -119.2721 -120.6246 -123.7483 -126.6172 -127.0483 -125.3176 -122.9920 -120.5830 -118.2680 -117.4406 -119.1620 -122.0118 -123.6259 -123.5403 -122.5978 -120.6848 -117.3931 -114.0587 -112.6764 -113.2392 -114.2675 -115.3234 -116.7337 -117.2253 -115.2257 -111.4815 -108.3293 -106.9517 -106.8950 -108.0955 -110.8077 -113.5521 -113.7835 -111.0799 -107.5655 -104.9828 -103.5108 -103.4727 -105.5223 -108.5301 -109.7638 -108.0914 -105.0617 -102.2963
-124.5070 -123.5721 -121.7206 -120.4266 -120.5072 -121.5247 -123.1865 -125.7375 -128.5349 -129.8370 -128.7783 -126.3320 -123.7509 -121.3837 -119.6458 -119.6088 -121.5353 -123.9858 -125.4288 -125.7564 -125.3415 -123.8463 -121.2008 -118.7286 -117.9001 -118.6470 -120.0431 -121.7845 -123.6646 -124.4239 -122.7995 -119.3793 -116.0357 -113.8655 -112.9522 -113.5503 -115.7585 -118.1973 -118.7194 -116.4149 -113.0271 -109.8780 -107.4769 -106.5228 -107.8146 -110.6606 -112.9027 -113.1523 -111.8397 -109.7774 -107.2162 -104.8629 -104.1880 -105.6741 -107.8999 -109.2269 -109.3179 -108.3023 -105.8702 -102.3707
-121.9753 -120.4980 -119.6809 -119.7024 -120.8083 -123.1300 -126.0299 -128.3439 -129.3802 -129.1759 -127.8643 -125.5339 -122.8254 -120.9121 -120.5235 -121.4360 -123.0651 -124.9394 -126.3554 -126.3223 -124.4583 -121.5810 -118.9833 -117.4648 -117.3450 -118.7718 -121.3216 -123.6657 -124.3993 -123.1835 -120.6907 -117.7520 -115.1281 -113.7505 -114.2542 -116.1404 -118.0179 -118.7913 -117.9192 -115.5980 -112.3133 -109.0578 -107.2379 -107.5189 -109.2820 -111.3859 -112.9483 -113.2640 -111.7970 -108.8855 -105.9891 -104.6121 -105.1433 -106.9768 -109.2339 -110.8823 -110.7498 -108.3517 -104.6693 -101.5076
-119.5908 -118.6138 -118.6466 -119.8508 -122.1193 -125.0099 -127.7305 -129.4478 -129.7134 -128.5860 -126.4701 -124.0074 -122.0214 -121.2390 -121.8712 -123.4929 -125.3319 -126.5980 -126.6480 -125.1838 -122.5271 -119.6083 -117.4971 -116.8708 -117.8257 -119.9313 -122.2999 -123.8140 -123.6573 -121.7999 -118.9735 -116.2235 -114.4914 -114.3524 -115.7548 -117.8900 -119.5298 -119.6319 -117.7099 -114.5506 -111.1065 -108.5150 -107.6721 -108.7103 -110.8440 -112.8234 -113.6007 -112.7150 -110.3932 -107.5274 -105.3896 -104.9731 -106.3745 -108.7647 -110.8989 -111.6760 -110.5226 -107.6788 -104.2402 -101.6636
-118.0125 -117.7019 -118.5628 -120.8815 -123.8740 -126.5240 -128.4690 -129.5637 -129.2685 -127.3121 -124.5895 -122.5632 -121.9106 -122.3944 -123.7479 -125.7588 -127.5435 -127.7820 -126.0411 -123.2126 -120.4124 -118.1504 -116.8194 -117.0656 -118.9572 -121.3540 -122.8351 -122.9318 -121.9266 -119.9844 -117.3415 -115.0213 -114.3234 -115.4722 -117.4591 -119.2251 -120.2593 -119.7678 -117.3952 -113.6480 -110.1757 -108.4960 -108.7804 -110.2888 -112.2956 -113.9868 -114.1673 -112.1519 -108.8339 -106.0798 -105.0734 -105.7917 -107.7667 -110.3734 -112.3695 -112.2842 -109.8371 -106.3899 -103.6188 -102.2660
-115.8873 -117.4861 -120.0334 -122.7029 -125.5327 -128.1256 -129.1947 -128.1681 -126.1788 -124.6210 -123.6220 -122.8308 -122.7847 -124.1907 -126.3647 -127.7331 -127.7083 -126.8521 -125.3280 -122.6513 -119.2469 -116.8481 -116.6423 -118.0190 -119.7810 -121.5260 -122.9686 -122.9821 -120.7199 -117.2283 -114.6520 -114.0065 -114.8004 -116.5200 -119.0115 -121.2982 -121.4837 -118.8545 -115.0951 -112.0734 -110.3259 -109.6947 -110.4612 -112.5957 -114.6265 -114.7242 -112.7574 -110.1600 -107.9873 -106.3545 -105.6653 -106.7881 -109.4669 -111.8331 -112.2996 -111.0580 -109.0724 -106.6699 -104.1264 -102.6760
