src/uuv_eskf_nav/gazebo_terrain.asc
ncols        257
nrows        257
xllcorner    -500.0
yllcorner    -500.0
cellsize     3.906250
NODATA_value -9999
[rows 156 to 181 of 257, columns 60 to 119 of 257]
-105.8302 -110.6718 -113.2451 -113.4487 -112.8231 -110.5444 -107.3806 -105.5762 -104.5926 -104.3295 -107.1967 -111.7844 -113.2048 -111.0822 -108.2324 -105.0042 -102.0195 -101.4118 -102.2772 -102.9493 -105.2446 -109.2729 -111.0662 -109.6167 -107.4864 -105.0829 -102.6421 -102.6337 -104.6787 -105.8940 -106.8298 -108.7239 -109.3424 -108.0444 -107.2165 -106.4144 -103.9913 -101.9681 -101.8724 -102.1501 -103.0364 -105.4122 -106.4431 -104.5507 -102.9062 -102.9992 -103.1563 -103.7371 -105.2417 -105.5587 -104.9534 -106.0986 -107.8188 -107.6909 -107.4343 -108.4117 -108.8200 -108.7009 -109.2020 -108.5693
-104.0624 -108.4853 -112.7498 -113.9517 -113.3580 -111.7919 -109.1274 -106.8278 -105.5763 -104.6754 -105.6413 -109.7647 -113.5437 -113.3266 -110.3989 -107.0274 -103.7438 -101.8691 -102.1230 -102.7201 -103.4714 -106.3336 -109.9275 -110.7411 -108.8982 -106.3872 -103.6565 -101.9852 -102.9996 -104.9575 -105.7471 -106.6363 -108.2158 -108.5308 -107.5899 -106.8824 -105.5462 -103.0858 -101.6041 -101.6101 -101.7121 -102.5743 -104.6623 -105.4337 -103.9445 -102.5856 -102.1589 -101.8414 -102.4952 -104.1314 -104.6285 -104.2979 -105.3163 -106.7755 -106.9470 -107.0553 -107.8441 -108.0876 -108.2943 -109.3880
-103.3594 -106.0517 -110.9543 -114.0526 -114.2155 -112.7715 -110.5074 -108.1575 -106.5666 -105.4831 -105.2597 -107.6525 -111.9795 -114.3924 -113.0085 -109.5187 -105.7837 -102.9602 -102.0923 -102.5791 -103.0338 -104.2357 -107.2258 -110.0008 -110.1628 -108.1181 -105.2133 -102.4859 -101.6289 -103.1232 -104.8649 -105.5949 -106.3898 -107.4172 -107.5902 -107.1231 -106.4463 -104.7675 -102.4345 -101.1685 -101.0571 -101.2363 -102.2015 -103.8683 -104.4218 -103.4454 -102.3605 -101.5372 -100.8651 -101.2947 -102.6764 -103.3999 -103.5727 -104.4844 -105.5999 -106.0097 -106.4328 -107.0983 -107.2491 -107.4721
-103.7499 -104.4873 -108.4115 -112.8195 -114.8120 -114.0085 -111.7729 -109.4230 -107.5838 -106.2343 -105.5329 -106.5571 -109.8401 -113.4803 -114.6002 -112.4026 -108.4424 -104.7614 -102.6892 -102.3188 -102.7099 -103.4172 -105.0975 -107.7309 -109.6818 -109.4672 -107.1873 -104.0454 -101.6848 -101.4048 -102.8807 -104.5105 -105.4443 -106.0191 -106.4596 -106.6396 -106.5333 -105.8366 -104.1603 -102.0689 -100.6633 -100.2734 -100.6922 -101.8163 -103.0873 -103.5553 -103.0589 -102.1569 -101.1641 -100.3867 -100.3916 -101.1196 -101.8952 -102.5912 -103.4821 -104.3427 -104.9270 -105.4871 -106.0393 -106.3082
-104.6898 -104.1046 -106.3759 -110.5202 -114.1554 -115.0758 -113.2801 -110.7356 -108.7414 -107.0606 -105.8016 -106.0652 -108.3465 -111.6972 -114.3222 -114.4128 -111.4883 -107.2965 -104.1724 -102.7270 -102.2994 -102.6562 -103.9130 -105.8108 -107.8548 -109.2044 -108.6609 -106.0535 -102.9982 -101.2348 -101.1515 -102.3151 -104.0042 -105.2024 -105.4804 -105.5057 -105.7570 -105.7440 -105.0292 -103.7211 -101.9506 -100.1703 -99.4042 -100.0420 -101.2753 -102.3103 -102.9174 -102.8204 -101.9705 -101.0218 -100.4460 -100.0467 -99.8933 -100.3996 -101.3483 -102.1981 -102.9706 -103.7545 -104.2612 -104.5700
-105.8481 -104.3580 -105.3967 -108.3723 -112.2647 -115.0419 -114.7279 -112.2498 -110.0199 -108.2746 -106.3522 -105.5458 -107.1512 -110.1636 -113.0329 -114.7415 -113.8924 -110.2671 -106.3040 -104.0237 -102.7861 -102.0185 -102.5900 -104.3838 -106.1914 -107.7450 -108.7196 -107.7015 -104.7605 -102.1417 -100.9998 -100.7843 -101.5799 -103.4142 -104.7512 -104.7683 -104.6738 -104.9788 -104.7635 -104.0499 -103.3609 -101.9752 -99.7992 -98.6438 -99.3038 -100.4665 -101.4454 -102.4572 -102.7421 -101.8576 -101.0764 -100.9538 -100.3969 -99.4620 -99.4567 -100.2094 -100.7731 -101.5058 -102.5706 -102.9529
-107.4342 -104.8597 -104.9789 -107.0672 -110.2024 -113.7225 -115.3506 -113.8076 -111.3198 -109.6590 -107.6965 -105.5547 -105.7300 -108.5190 -111.6406 -113.9506 -114.8936 -113.0035 -108.8793 -105.6287 -104.1171 -102.6774 -101.6324 -102.5770 -104.6221 -106.1951 -107.5622 -108.2611 -106.5916 -103.4315 -101.4582 -100.7913 -100.3036 -100.8517 -102.7738 -104.0244 -103.9042 -103.9893 -104.3036 -103.6870 -102.9754 -102.9540 -101.9918 -99.6134 -98.1726 -98.5891 -99.3940 -100.3719 -101.9752 -102.7273 -101.8580 -101.2896 -101.7232 -101.3548 -100.0744 -99.6381 -99.8753 -99.7901 -100.2886 -101.6320
-109.6582 -105.9886 -104.6950 -106.1821 -108.7169 -111.9110 -114.8107 -114.9539 -112.6369 -110.7441 -109.3762 -106.8757 -104.9660 -106.3494 -109.7736 -112.6833 -114.6255 -114.7761 -111.7785 -107.5552 -105.2604 -104.1815 -102.3858 -101.3208 -102.5585 -104.4855 -105.8910 -107.3770 -107.7861 -105.4190 -102.2148 -100.8623 -100.4427 -99.7527 -100.2527 -102.1100 -103.0545 -102.9284 -103.3860 -103.6926 -102.6508 -101.9224 -102.4094 -101.8472 -99.5789 -98.0786 -98.0736 -98.2264 -99.0543 -101.2107 -102.5335 -101.8835 -101.5733 -102.5088 -102.5893 -101.5451 -101.1366 -100.9798 -100.1002 -100.0564
-112.1237 -108.2273 -105.0670 -105.2570 -107.5042 -110.3032 -113.5027 -115.3051 -113.9838 -111.6118 -110.4393 -108.8694 -105.9686 -104.8002 -107.1471 -110.6615 -113.3989 -115.1170 -114.3276 -110.3881 -106.4823 -105.0310 -104.0222 -102.0157 -101.1679 -102.4261 -103.9685 -105.3837 -107.1447 -107.2354 -104.3278 -101.2325 -100.2627 -99.8636 -99.1657 -99.8076 -101.4556 -101.9715 -101.9081 -102.7568 -103.0736 -101.7621 -101.0151 -101.7246 -101.4496 -99.5734 -98.3009 -97.9013 -97.2588 -97.6485 -100.0203 -101.8633 -101.6766 -101.7219 -103.0241 -103.6070 -103.2215 -103.4289 -103.4623 -102.1602
-114.0561 -111.1797 -106.8886 -104.8735 -106.1349 -108.7663 -111.9028 -114.7726 -115.1064 -112.8162 -110.9136 -110.1025 -108.0576 -105.2452 -105.0232 -107.8231 -111.1678 -113.9105 -115.3457 -113.5557 -109.0767 -105.7141 -104.7314 -103.5903 -101.6775 -101.1310 -102.1093 -103.1895 -104.7511 -106.7518 -106.5697 -103.4494 -100.5518 -99.6244 -99.0644 -98.5427 -99.4405 -100.8324 -100.9537 -100.9488 -102.0304 -102.3695 -101.0469 -100.3324 -100.9842 -100.8203 -99.4605 -98.6406 -98.0731 -96.7727 -96.4967 -98.5472 -100.5861 -100.9409 -101.4291 -102.9663 -103.9168 -104.2347 -105.3488 -106.2168
-115.1193 -113.7157 -109.9202 -106.0598 -105.1834 -107.0290 -110.0413 -113.4282 -115.4600 -114.3983 -111.8192 -110.4269 -109.4800 -107.0941 -104.8542 -105.4082 -108.2265 -111.4292 -114.2346 -115.1949 -112.5783 -108.0403 -105.1773 -104.2342 -102.9595 -101.4036 -101.0836 -101.6149 -102.3224 -104.0302 -106.0923 -105.7762 -102.8391 -100.1757 -98.9925 -98.1541 -97.8691 -99.0135 -100.2192 -100.1472 -100.1802 -101.2355 -101.5541 -100.4551 -99.8646 -100.2983 -100.0907 -99.1876 -98.8591 -98.4054 -96.8550 -95.9607 -97.2277 -98.9453 -99.6208 -100.4812 -102.1259 -103.2413 -103.9719 -105.7250
-115.7334 -115.1464 -112.8490 -108.7970 -105.7639 -105.6659 -107.9256 -111.3784 -114.6096 -115.4915 -113.5408 -111.1293 -109.8978 -108.5400 -106.1951 -104.7241 -105.7105 -108.3973 -111.5831 -114.2900 -114.6229 -111.5659 -107.3401 -104.7471 -103.5501 -102.2559 -101.1372 -100.8867 -101.0054 -101.5189 -103.2375 -105.1316 -104.8629 -102.4499 -100.0423 -98.4655 -97.3113 -97.1629 -98.3981 -99.5383 -99.5855 -99.7004 -100.5036 -100.7077 -99.9327 -99.5256 -99.7237 -99.4303 -98.8321 -98.8199 -98.6188 -97.3058 -96.1641 -96.5461 -97.5267 -98.1108 -99.0434 -100.5928 -101.7022 -102.4984
-116.4321 -115.8843 -114.6781 -111.7763 -108.0335 -105.7487 -106.1881 -108.9424 -112.6322 -115.2007 -115.0488 -112.8274 -110.6355 -109.1579 -107.4458 -105.4645 -104.6360 -105.8026 -108.4715 -111.6752 -113.9927 -113.7063 -110.6506 -106.8976 -104.3254 -102.8015 -101.5968 -100.7838 -100.4465 -100.3462 -100.8525 -102.3930 -103.9320 -103.8598 -102.1591 -100.0337 -98.1307 -96.7265 -96.5121 -97.5576 -98.6916 -99.1581 -99.4955 -99.9883 -100.0152 -99.5156 -99.2393 -99.2424 -98.9473 -98.5543 -98.5823 -98.5269 -97.7419 -96.8441 -96.6609 -96.8868 -97.1074 -97.7437 -98.8936 -99.8543
-117.0727 -116.6971 -115.7040 -113.8360 -110.8115 -107.5259 -105.7950 -106.8334 -110.0909 -113.5399 -115.1677 -114.4276 -112.3277 -110.1337 -108.2321 -106.4066 -104.8443 -104.3732 -105.6910 -108.5526 -111.6638 -113.3437 -112.6064 -109.8720 -106.5537 -103.8729 -102.1461 -101.0622 -100.2842 -99.7472 -99.6649 -100.2993 -101.5207 -102.6299 -102.8257 -101.8334 -100.0048 -98.0024 -96.5265 -96.0641 -96.5994 -97.6430 -98.6655 -99.3956 -99.7325 -99.6652 -99.3559 -99.0505 -98.8358 -98.6507 -98.4880 -98.3681 -98.1963 -97.8785 -97.5034 -97.2239 -97.0762 -97.0731 -97.3063 -97.8018
-116.9273 -117.5496 -116.7813 -115.1393 -112.9198 -110.0120 -107.0448 -105.8859 -107.7066 -111.2019 -113.9206 -114.6978 -113.8379 -111.9105 -109.4957 -107.2872 -105.5440 -104.1910 -103.8314 -105.4428 -108.6358 -111.4783 -112.4525 -111.5044 -109.1896 -106.1495 -103.3936 -101.6954 -100.6913 -99.6630 -98.8589 -98.9504 -99.7580 -100.6266 -101.3729 -101.8445 -101.3997 -99.8360 -98.0030 -96.7098 -95.9560 -95.7552 -96.4972 -97.9514 -99.1288 -99.5743 -99.6804 -99.6081 -99.1444 -98.5973 -98.5230 -98.6723 -98.4211 -97.9418 -97.7911 -97.8289 -97.6656 -97.5474 -97.7603 -97.9234
-115.5447 -117.5754 -117.9202 -116.5139 -114.4027 -112.1164 -109.2194 -106.4762 -106.1334 -108.7600 -112.0390 -113.8023 -114.0584 -113.3084 -111.3853 -108.7333 -106.4983 -104.8553 -103.3937 -103.0386 -105.1009 -108.6145 -111.0729 -111.4902 -110.5456 -108.5404 -105.5922 -102.9010 -101.4642 -100.4842 -99.0266 -97.9274 -98.1932 -99.1054 -99.6793 -100.2456 -100.9910 -100.8771 -99.4926 -98.0108 -97.1377 -96.2230 -95.2770 -95.5051 -97.0433 -98.4860 -99.1990 -99.8036 -100.2181 -99.6868 -98.7356 -98.6309 -99.0890 -98.8670 -98.1269 -97.9110 -98.0441 -97.8115 -97.7192 -98.4076
-113.3127 -116.1888 -118.1516 -117.9587 -115.9752 -113.7445 -111.3863 -108.2720 -105.8873 -106.5986 -109.7843 -112.4622 -113.3885 -113.4419 -112.7342 -110.6386 -107.9469 -105.9413 -104.2633 -102.4490 -102.1087 -104.6486 -108.3405 -110.4407 -110.6111 -109.8112 -107.8995 -104.8890 -102.4014 -101.3683 -100.3963 -98.5118 -97.1387 -97.4363 -98.2740 -98.6240 -99.2249 -100.2739 -100.3415 -99.0467 -97.9465 -97.6037 -96.7554 -95.2984 -94.9580 -96.1912 -97.5067 -98.3585 -99.5860 -100.7909 -100.5573 -99.3696 -99.1022 -99.7330 -99.6710 -98.9007 -98.6736 -98.7742 -98.2144 -97.7495
-111.0144 -113.8629 -116.8133 -118.4483 -117.6021 -115.3962 -113.2458 -110.5739 -107.1664 -105.4188 -107.1853 -110.5321 -112.4991 -112.9214 -112.9031 -111.9995 -109.6849 -107.2307 -105.5650 -103.6877 -101.4577 -101.1757 -104.0334 -107.6978 -109.5972 -109.8838 -109.3099 -107.3052 -104.1464 -101.9076 -101.2720 -100.3383 -98.2088 -96.6581 -96.7937 -97.3173 -97.4440 -98.2045 -99.5957 -99.8343 -98.6246 -97.8298 -97.9522 -97.3534 -95.7558 -95.0197 -95.7431 -96.5338 -97.1299 -98.7057 -100.7446 -101.2284 -100.2422 -99.8945 -100.5579 -100.6589 -100.0534 -100.0536 -100.3748 -99.6380
-109.1505 -111.5114 -114.4066 -117.2786 -118.2989 -116.9956 -114.9462 -112.7992 -109.5859 -106.0536 -105.1409 -107.6780 -110.8509 -112.2932 -112.5538 -112.3966 -111.0786 -108.6360 -106.6102 -105.2362 -103.0879 -100.5628 -100.3450 -103.2210 -106.6554 -108.5592 -109.2647 -108.9780 -106.8335 -103.5343 -101.4704 -101.0665 -100.2007 -98.1064 -96.5545 -96.4072 -96.4194 -96.2337 -97.0958 -98.7870 -99.2858 -98.2916 -97.7424 -98.1557 -97.8531 -96.4413 -95.6205 -95.9193 -96.0426 -95.9889 -97.3162 -99.7560 -101.0443 -100.6937 -100.5654 -101.2840 -101.5053 -101.0771 -101.4016 -102.2891
-107.8120 -109.5768 -111.9667 -114.9559 -117.4006 -117.7341 -116.3504 -114.6111 -112.2373 -108.4796 -105.1186 -104.9954 -107.8653 -110.7337 -111.9921 -112.2985 -111.8576 -110.0598 -107.6352 -106.0443 -104.8154 -102.4633 -99.8731 -99.6709 -102.2357 -105.2871 -107.3461 -108.6253 -108.6882 -106.5366 -103.2189 -101.1923 -100.7437 -99.9123 -98.0983 -96.7530 -96.3527 -95.8164 -95.2198 -95.9501 -97.7301 -98.5361 -97.9618 -97.7047 -98.2699 -98.2116 -97.1515 -96.5111 -96.6548 -96.3262 -95.5579 -96.0976 -98.1782 -99.8200 -100.1370 -100.4463 -101.3565 -101.7337 -101.3959 -101.8240
-107.1972 -107.9347 -109.8616 -112.4920 -115.3595 -117.0954 -116.9496 -115.7809 -114.2336 -111.4706 -107.4160 -104.4604 -104.8445 -107.6494 -110.2825 -111.6608 -112.0591 -111.2568 -109.0986 -106.8025 -105.4759 -104.2236 -101.8318 -99.4131 -99.1500 -101.1606 -103.7520 -106.0000 -107.8217 -108.2785 -106.3862 -103.2825 -101.1946 -100.4215 -99.5082 -98.0649 -97.0612 -96.5593 -95.6530 -94.6734 -95.0035 -96.5068 -97.4845 -97.4409 -97.5832 -98.2881 -98.4504 -97.7888 -97.4354 -97.6512 -97.2776 -96.1623 -95.8422 -96.9688 -98.2357 -98.7513 -99.3138 -100.3784 -100.9592 -100.6967
-107.8055 -106.7474 -107.8243 -110.1548 -113.0176 -115.4608 -116.4890 -116.1631 -115.2509 -113.6449 -110.5346 -106.5438 -104.0484 -104.5647 -107.0790 -109.6337 -111.2674 -111.7005 -110.6067 -108.3378 -106.2071 -104.8876 -103.4784 -101.2183 -99.1217 -98.7261 -100.0957 -102.2417 -104.6045 -106.7747 -107.6092 -106.2623 -103.6656 -101.5411 -100.2885 -99.1529 -97.9847 -97.2842 -96.8209 -95.8640 -94.7349 -94.5638 -95.4361 -96.2672 -96.6262 -97.1679 -98.0528 -98.5010 -98.2997 -98.2462 -98.5854 -98.4631 -97.5539 -96.8343 -97.0076 -97.4703 -97.6313 -97.9573 -98.7954 -99.4124
-109.8418 -106.7988 -106.0615 -107.6268 -110.4847 -113.3614 -115.2219 -115.7876 -115.4933 -114.6423 -112.7778 -109.5417 -105.9088 -103.7595 -104.1113 -106.3055 -108.9014 -110.7317 -111.1174 -109.9326 -107.8397 -105.8599 -104.3240 -102.6930 -100.6637 -98.9002 -98.3116 -99.1040 -100.9068 -103.2698 -105.5171 -106.6299 -106.0101 -104.1751 -102.1662 -100.4842 -99.0733 -97.9893 -97.3723 -96.9296 -96.1897 -95.2730 -94.7802 -94.9058 -95.2801 -95.7147 -96.4255 -97.3899 -98.1555 -98.5286 -98.8424 -99.2635 -99.4204 -99.0679 -98.5711 -98.3231 -98.1804 -97.9166 -97.7593 -97.9529
-112.5680 -108.6079 -105.6422 -105.2668 -107.4699 -110.7248 -113.3602 -114.7579 -115.1814 -114.9347 -113.8668 -111.6979 -108.6017 -105.4385 -103.4469 -103.5199 -105.5026 -108.1573 -109.9966 -110.2780 -109.2440 -107.5604 -105.7120 -103.8672 -102.0367 -100.2429 -98.6862 -97.8338 -98.1852 -99.7950 -102.0798 -104.1717 -105.4143 -105.5340 -104.5746 -102.8726 -100.9890 -99.4161 -98.2945 -97.4854 -96.8554 -96.3597 -95.9250 -95.4700 -95.0699 -94.9348 -95.1724 -95.7002 -96.4154 -97.2896 -98.2363 -99.0485 -99.5836 -99.8962 -100.0893 -100.1459 -100.0213 -99.7910 -99.5612 -99.3087
-114.6114 -111.4223 -107.3283 -104.4269 -104.5555 -107.3474 -110.6829 -112.9905 -114.2087 -114.7407 -114.4137 -112.9387 -110.5620 -107.7728 -104.9956 -102.9981 -102.8591 -104.7895 -107.4357 -109.0769 -109.2375 -108.5348 -107.3742 -105.6611 -103.5775 -101.6651 -100.0623 -98.5130 -97.2980 -97.3094 -98.8438 -101.0316 -102.8628 -104.1193 -104.8588 -104.7130 -103.4312 -101.6166 -100.1255 -99.0274 -97.8911 -96.8163 -96.3256 -96.3467 -96.1970 -95.6650 -95.2877 -95.3725 -95.5620 -95.6784 -96.2008 -97.4056 -98.7081 -99.4597 -99.8550 -100.4003 -100.9646 -101.1122 -101.0146 -101.1844
-115.0912 -113.5775 -110.3077 -106.0282 -103.3271 -104.0326 -107.1360 -110.2629 -112.3122 -113.6730 -114.4059 -113.8590 -111.9709 -109.5470 -107.0651 -104.4607 -102.3645 -102.1748 -104.1877 -106.7391 -108.0597 -108.1247 -107.8110 -107.1406 -105.5767 -103.4420 -101.6424 -100.2139 -98.5089 -96.8310 -96.4985 -97.9519 -100.0296 -101.6206 -102.8728 -104.0911 -104.5937 -103.7213 -102.1410 -100.9576 -100.0872 -98.7420 -97.1355 -96.3347 -96.4953 -96.6056 -96.1796 -95.8999 -96.1662 -96.2841 -95.8141 -95.6075 -96.5283 -98.0065 -98.9471 -99.4046 -100.1551 -101.0927 -101.4158 -101.2240
