src/uuv_eskf_nav/gazebo_terrain.asc
ncols        257
nrows        257
xllcorner    -500.0
yllcorner    -500.0
cellsize     3.906250
NODATA_value -9999
[rows 52 to 77 of 257, columns 120 to 179 of 257]
-105.4420 -105.1320 -105.5270 -105.3133 -105.6524 -105.6136 -105.6674 -105.8463 -105.5030 -105.8585 -105.1901 -105.5883 -104.8370 -105.0937 -104.5763 -104.5396 -104.5082 -104.1412 -104.6626 -104.0829 -104.9943 -104.4460 -105.4141 -105.1765 -105.8400 -106.1091 -106.2395 -107.0264 -106.6205 -107.6993 -106.9449 -107.8726 -107.3461 -107.6275 -106.8109 -105.9402 -105.1241 -103.1072 -102.3829 -99.9058 -99.5963 -97.5813 -98.0928 -98.0048 -99.1199 -100.5236 -101.3915 -103.1799 -102.9558 -104.1362 -103.0492 -103.6683 -102.9429 -103.4948 -103.8273 -104.0193 -104.7656 -103.9665 -104.5547 -103.4629
-101.6942 -101.4884 -101.7970 -101.8281 -102.1815 -102.3804 -102.6202 -102.8763 -102.9246 -103.1225 -102.9909 -103.0535 -102.8206 -102.7423 -102.5153 -102.3668 -102.2441 -102.1428 -102.1875 -102.2440 -102.4711 -102.7329 -103.1088 -103.5313 -103.9861 -104.4512 -104.9041 -105.2835 -105.6750 -105.9027 -106.2092 -106.3027 -106.5005 -106.4886 -106.4711 -106.5718 -106.1111 -105.2155 -104.0963 -102.9865 -101.3597 -100.0499 -98.6413 -97.9031 -97.6504 -98.0841 -99.2321 -100.4728 -102.0899 -102.9729 -103.8146 -103.7132 -103.6558 -103.3070 -103.2836 -103.6099 -103.9266 -104.5293 -104.4301 -104.5346
-99.4561 -99.3676 -100.1765 -100.3199 -101.1129 -101.5010 -101.9841 -102.5641 -102.5852 -103.2123 -102.8098 -103.2785 -102.6493 -102.7765 -102.1844 -101.9029 -101.5704 -100.9833 -101.0164 -100.3746 -100.7456 -100.3478 -100.9312 -100.9878 -101.6189 -102.1453 -102.6744 -103.4771 -103.8098 -104.5890 -104.7166 -105.2375 -105.2432 -105.4595 -105.4589 -105.4669 -105.4614 -105.2924 -105.0462 -104.5198 -103.6873 -102.6087 -101.1955 -99.8282 -98.5722 -97.7672 -97.7402 -98.1916 -99.6393 -100.9013 -102.6647 -103.4394 -104.1385 -103.9436 -103.6554 -103.5171 -103.3412 -104.0646 -104.1199 -104.9169
-101.1760 -101.3403 -102.5044 -102.9860 -103.9169 -104.5915 -105.2658 -105.8270 -106.3458 -106.4869 -106.9085 -106.5169 -106.7420 -105.9824 -105.7792 -105.0104 -104.1738 -103.7492 -102.2978 -102.3697 -100.6475 -101.0946 -99.6890 -100.2034 -99.6942 -99.9660 -100.6237 -100.5044 -102.1058 -101.6620 -103.5537 -103.0118 -104.4307 -104.0758 -104.5646 -104.6355 -104.2678 -104.8180 -104.0161 -104.7468 -103.8171 -104.0856 -102.9741 -102.2568 -100.9199 -99.5435 -98.5196 -97.7506 -97.9046 -98.7471 -100.0912 -101.8998 -103.1692 -104.1943 -104.4085 -104.0234 -103.9867 -103.2817 -104.2153 -103.8638
-104.8597 -107.3686 -106.3726 -108.5890 -108.2326 -109.4696 -110.1265 -110.1430 -111.6153 -110.6964 -112.3299 -111.0622 -112.1199 -111.0147 -111.0771 -110.2868 -109.4377 -108.7434 -107.4456 -106.5141 -105.2801 -104.0051 -103.0930 -101.7822 -101.1134 -100.3732 -99.7033 -100.0670 -99.2541 -100.7730 -99.9324 -102.0043 -101.4456 -103.0545 -103.0883 -103.3861 -104.1654 -103.0416 -104.4865 -102.6473 -104.3556 -102.7304 -103.9089 -102.8778 -102.6460 -101.9745 -100.2234 -99.8606 -97.8724 -98.4135 -97.9527 -99.6952 -100.9805 -102.8452 -104.1144 -104.7202 -104.5928 -104.3938 -103.6350 -104.2269
-110.1292 -110.2448 -111.0020 -110.8233 -111.7212 -111.8135 -112.2129 -113.1458 -112.5533 -114.4246 -112.9068 -115.1481 -113.3567 -114.9836 -113.7637 -113.9265 -113.7703 -112.2493 -112.9714 -110.2923 -111.1508 -108.2528 -108.4434 -106.1354 -105.3308 -103.9084 -102.4839 -101.7449 -100.5302 -100.1230 -99.8260 -99.6129 -100.2803 -100.4167 -101.3182 -102.0294 -102.1286 -103.4512 -102.2254 -103.9493 -101.9244 -103.6463 -102.0387 -103.1078 -102.7262 -102.2888 -102.8451 -100.5260 -101.3153 -98.2129 -99.2802 -97.6328 -99.4479 -100.3475 -102.2689 -104.1507 -104.6842 -105.3979 -104.6398 -104.3434
-112.3385 -109.9502 -111.8252 -110.1614 -111.2491 -110.8607 -111.0572 -111.6661 -111.4863 -112.3000 -112.3891 -112.7428 -113.3014 -113.1486 -113.7220 -113.6129 -113.4135 -113.9885 -112.5126 -113.8980 -111.3672 -112.9402 -110.2243 -110.9431 -109.0108 -108.0976 -107.4057 -104.9128 -105.1937 -102.0538 -102.6482 -100.1473 -100.5789 -99.5626 -99.8505 -100.1720 -100.6314 -101.2678 -102.0663 -101.9476 -102.9167 -101.9162 -102.7275 -101.8592 -102.1341 -102.5057 -101.6723 -103.1894 -100.7582 -102.3080 -98.9618 -100.0251 -98.0003 -99.1722 -100.1905 -101.4845 -104.3083 -104.4064 -106.2380 -104.8599
-109.1764 -110.0446 -108.1326 -109.2919 -107.9410 -108.5001 -108.5654 -107.9484 -109.5684 -107.9794 -110.4229 -108.7042 -110.8480 -109.8493 -110.9296 -110.8884 -110.9572 -111.3783 -111.1258 -111.2446 -111.3425 -110.7855 -111.2748 -110.3710 -110.5741 -110.0567 -109.0880 -109.4349 -106.9285 -107.9085 -104.4281 -105.2693 -102.0905 -102.1447 -100.5185 -99.8165 -100.1577 -99.3090 -100.8655 -100.4089 -101.7851 -101.7154 -102.0473 -102.0198 -101.8061 -101.5612 -102.0566 -101.3180 -102.8677 -101.1444 -102.6183 -100.0492 -100.5007 -98.8887 -98.9624 -100.3545 -100.7723 -104.3864 -104.1666 -106.8321
-107.1712 -107.8363 -106.4271 -106.6267 -106.0684 -105.9511 -105.8569 -106.0699 -105.7389 -106.8050 -105.8885 -107.6586 -106.5011 -108.1586 -107.5281 -108.1641 -108.6043 -107.9033 -109.2631 -107.7409 -109.2844 -107.8819 -108.8838 -108.2436 -108.5519 -108.5519 -108.6209 -108.5185 -108.8738 -107.9297 -108.5523 -106.6535 -106.8898 -104.7284 -103.8870 -102.5713 -100.6780 -100.9910 -98.9009 -100.6464 -99.2917 -101.2790 -100.8339 -101.7982 -101.7530 -101.6031 -101.5540 -101.4727 -101.3361 -102.1598 -101.5884 -102.4749 -101.1394 -100.8700 -99.9008 -99.0392 -100.5505 -100.4133 -104.2008 -104.1664
-106.7908 -104.9534 -105.7899 -104.2070 -104.7130 -104.0458 -103.9031 -104.2541 -103.7077 -104.5788 -104.1994 -104.9390 -105.0820 -105.4224 -105.8731 -106.0898 -106.2223 -106.7910 -106.1153 -107.1958 -105.8198 -107.0494 -105.6531 -106.4476 -105.7846 -105.8692 -106.2067 -105.8675 -106.8050 -106.5836 -107.3594 -107.4392 -107.4620 -107.3573 -106.5983 -105.5631 -104.6001 -102.4802 -102.1516 -99.7920 -100.5504 -99.1345 -100.4973 -100.3921 -101.2000 -101.7172 -101.3644 -101.8050 -101.0989 -101.4835 -101.5485 -101.8499 -102.2614 -101.9111 -101.3254 -100.7198 -99.5004 -100.6130 -100.4803 -103.7505
-104.8276 -104.3201 -103.9097 -103.7053 -103.2578 -103.1648 -103.0442 -102.7852 -103.2323 -102.7424 -103.6387 -103.1465 -104.0883 -103.9005 -104.5169 -104.7096 -104.9321 -105.2467 -105.2899 -105.3433 -105.4318 -105.0573 -105.1777 -104.5943 -104.5256 -104.1900 -103.7914 -104.0650 -103.5255 -104.4232 -104.1649 -105.3368 -105.5766 -106.4764 -106.8419 -106.9850 -106.6859 -105.9570 -104.5615 -103.4387 -101.5428 -100.8777 -99.7352 -99.9519 -100.1736 -100.6617 -101.5405 -101.3513 -101.9214 -101.1971 -101.5297 -101.3370 -101.8448 -102.1826 -102.2983 -101.8722 -101.2844 -100.2210 -100.5813 -100.8199
-104.5944 -104.5440 -104.5094 -104.4391 -104.3795 -104.3113 -104.2562 -104.2211 -104.2110 -104.2307 -104.2895 -104.3661 -104.4831 -104.5967 -104.7289 -104.8418 -104.9331 -104.9983 -105.0025 -104.9753 -104.8674 -104.7178 -104.4914 -104.2134 -103.8788 -103.5045 -103.1101 -102.7360 -102.4105 -102.2215 -102.1864 -102.4107 -102.8709 -103.6001 -104.4930 -105.4324 -106.2342 -106.6849 -106.6388 -106.0014 -104.8449 -103.3681 -101.8705 -100.6901 -100.0532 -100.0279 -100.4818 -101.1023 -101.6196 -101.7940 -101.7030 -101.4992 -101.4802 -101.7407 -102.1797 -102.4830 -102.3475 -101.7251 -100.9536 -100.5982
-107.1250 -107.8699 -107.7938 -108.4961 -108.2569 -108.5442 -108.5562 -108.2581 -108.6265 -107.9816 -108.4271 -107.8778 -108.0583 -107.8233 -107.6993 -107.5633 -107.4201 -106.9631 -107.0784 -106.1176 -106.4381 -105.2320 -105.4098 -104.4149 -104.1656 -103.5948 -102.9986 -102.6433 -102.0836 -101.6068 -101.4427 -100.8663 -101.1988 -101.0525 -101.7531 -102.5938 -103.3939 -105.0333 -105.4867 -106.7832 -106.3625 -106.1637 -104.7966 -103.3304 -101.8239 -100.7530 -100.0880 -100.6130 -100.6278 -101.9606 -101.6145 -102.3045 -101.6017 -101.7231 -101.7997 -102.0878 -102.6985 -102.5902 -102.1813 -101.5038
-111.4295 -113.1753 -112.7484 -113.5454 -113.4618 -113.4853 -113.3619 -113.4384 -112.6621 -113.4109 -111.9303 -113.1340 -111.6174 -112.4847 -111.6444 -111.6616 -111.4819 -110.9183 -110.6510 -110.1850 -109.1452 -109.0581 -107.3777 -107.2351 -105.7623 -104.9397 -104.3839 -102.8334 -103.0645 -101.4438 -101.6997 -100.7281 -100.5343 -100.3356 -100.1705 -100.3341 -101.2412 -101.3796 -103.7329 -103.6934 -106.3452 -105.9035 -106.9610 -105.8296 -104.7279 -103.1862 -101.6839 -100.5995 -100.8283 -100.4377 -102.1267 -101.6251 -102.7120 -101.9998 -101.8571 -102.1612 -101.8343 -103.0421 -102.5805 -102.6675
-116.3512 -115.0815 -116.9423 -115.3270 -116.3353 -115.5019 -115.1885 -115.2576 -114.3548 -114.4438 -114.1436 -113.5162 -114.1764 -113.1794 -113.9493 -113.6311 -113.4144 -114.2567 -112.8969 -114.1390 -112.4788 -112.8527 -111.6471 -110.7309 -109.7322 -108.4120 -106.7277 -106.2518 -103.5474 -104.2237 -101.3080 -102.2739 -100.3233 -100.6258 -99.9658 -99.7696 -99.7030 -100.2686 -100.0914 -102.3666 -102.1108 -105.2749 -105.1639 -106.9319 -106.6260 -105.6322 -104.7684 -102.5376 -101.6204 -101.0067 -100.6577 -102.0588 -101.8915 -102.8530 -102.6602 -101.8645 -102.7513 -101.5094 -103.4316 -102.4452
-115.8141 -114.8361 -114.8140 -114.7132 -113.7951 -113.7282 -113.2938 -112.0971 -113.0292 -110.7485 -112.4528 -110.4105 -111.6204 -110.9232 -111.2917 -111.5620 -112.0829 -111.9257 -113.6481 -112.2666 -114.8524 -112.8552 -114.7499 -113.2097 -113.2802 -112.2657 -111.0137 -109.4731 -108.4363 -105.6241 -105.6954 -102.3592 -102.9585 -100.7098 -100.6859 -100.2397 -99.4076 -99.9030 -99.4648 -99.7582 -101.0351 -101.1603 -103.8034 -104.4700 -106.1872 -107.1883 -105.9959 -106.3358 -103.2772 -102.9196 -101.2355 -101.1511 -101.9067 -102.2826 -102.8572 -103.3896 -101.8786 -103.3580 -101.2910 -103.6970
-110.6339 -112.6152 -110.0360 -111.3989 -109.9100 -109.9035 -109.3946 -108.9390 -108.0722 -108.6029 -106.5750 -108.2724 -105.9344 -107.5771 -106.4716 -107.0754 -107.5844 -107.7126 -108.6296 -109.6724 -109.7038 -112.0057 -111.2648 -113.4593 -113.0574 -113.4820 -113.7971 -112.2890 -112.2397 -110.1839 -108.5778 -107.2579 -104.5476 -103.8496 -101.9336 -100.8537 -100.9744 -99.1478 -100.5306 -98.9317 -100.0382 -100.0446 -100.7428 -102.4106 -103.8228 -105.1647 -107.3611 -106.0745 -107.5401 -104.0492 -104.1380 -101.6830 -101.6730 -101.8731 -102.6125 -102.9044 -103.9787 -102.0474 -103.7773 -101.3167
-108.3185 -107.7940 -108.5645 -107.2236 -108.1277 -107.2538 -106.9326 -107.2400 -105.7646 -106.4114 -105.1809 -104.9109 -104.8519 -103.7427 -104.1852 -103.6641 -103.3617 -104.4431 -103.3575 -105.4107 -104.8586 -106.5011 -107.4244 -108.3060 -109.9058 -110.9659 -111.4777 -113.3276 -111.9476 -113.6227 -111.1896 -111.1354 -108.8911 -107.0741 -105.2602 -103.5861 -101.5827 -101.8099 -99.3551 -101.0774 -98.9142 -100.4097 -99.6762 -100.5526 -101.5090 -103.1268 -104.2930 -107.0444 -106.1419 -108.1586 -104.9619 -105.0276 -102.4105 -102.0651 -102.0458 -102.7864 -103.0844 -104.3230 -102.4240 -103.9182
-107.5884 -106.0947 -107.4742 -106.8224 -107.1430 -107.1316 -107.0851 -106.4946 -107.1484 -105.3579 -106.6331 -104.4727 -105.2732 -103.9288 -103.7334 -103.2048 -102.9010 -102.1317 -102.9197 -101.4020 -103.2728 -101.8940 -103.7728 -103.7056 -105.0236 -106.1415 -107.5834 -108.5023 -110.8033 -110.4260 -112.8720 -111.3686 -112.2506 -110.3885 -109.1061 -107.1624 -105.2647 -103.0475 -102.5893 -100.2117 -101.3507 -99.4585 -100.6094 -99.9200 -100.4360 -101.1839 -102.4231 -103.7369 -106.3454 -106.2863 -108.2252 -105.9537 -105.5686 -103.2959 -102.3366 -102.3485 -102.8413 -103.3618 -104.4452 -102.9464
-106.3711 -107.3823 -106.6828 -107.8912 -107.4161 -107.9329 -108.0108 -107.8305 -107.8377 -107.7425 -106.9262 -107.3116 -105.8635 -106.1867 -105.0142 -104.6494 -104.1578 -103.4027 -103.0206 -102.7797 -101.8976 -102.4930 -101.4643 -102.3020 -102.0764 -102.6570 -103.5639 -104.3330 -105.6785 -107.3567 -108.2565 -110.4620 -110.6136 -111.7872 -111.2448 -110.3173 -109.0283 -106.8560 -104.9214 -103.4643 -101.5229 -101.5471 -100.3248 -100.7330 -100.4765 -100.4725 -101.2144 -101.9005 -103.4017 -105.5311 -106.4162 -107.9693 -106.8325 -105.9137 -104.1041 -102.6034 -102.6155 -102.8800 -103.6366 -104.4382
-107.2501 -107.8741 -108.1584 -108.5592 -109.0618 -109.3181 -109.5698 -109.8849 -109.6330 -109.8840 -109.3541 -109.1929 -108.7045 -108.0740 -107.5917 -106.8754 -106.1530 -105.7086 -104.7775 -104.5182 -103.7503 -103.3711 -103.0015 -102.5080 -102.3528 -102.1382 -101.9860 -102.3969 -102.5225 -103.5527 -104.4927 -105.8920 -107.5802 -108.9561 -110.3160 -111.0265 -110.8095 -110.2184 -108.3936 -106.6673 -104.6452 -102.9281 -101.9755 -101.1934 -101.0122 -100.9927 -100.8055 -101.3037 -101.7329 -103.1158 -104.8546 -106.4019 -107.6479 -107.4082 -106.2426 -104.6233 -102.9672 -102.7107 -102.9764 -103.8266
-109.2173 -109.9837 -110.2572 -111.0189 -111.4069 -111.9133 -112.2775 -112.5652 -112.6059 -112.7869 -112.3829 -112.3702 -111.7025 -111.3156 -110.5923 -109.8813 -109.0900 -108.3631 -107.4197 -106.9049 -105.9317 -105.5572 -104.8089 -104.4012 -103.9198 -103.4967 -103.0549 -102.8159 -102.3326 -102.4773 -102.3581 -103.0555 -103.8572 -105.2079 -106.8211 -108.4848 -109.7871 -110.7411 -110.4613 -109.7882 -107.9526 -106.1121 -104.2052 -102.7510 -101.9070 -101.5520 -101.2944 -101.4488 -101.2973 -101.9297 -102.8024 -104.4159 -106.1995 -107.4110 -107.6002 -106.6438 -104.7664 -103.4282 -102.6042 -103.1209
-112.3290 -112.8222 -113.5363 -113.4599 -114.3555 -114.4096 -114.7021 -115.1983 -114.9874 -115.2550 -115.2762 -114.6705 -115.0311 -113.9218 -113.8847 -113.0400 -112.2229 -111.6006 -110.6565 -109.5677 -109.2434 -107.6119 -107.6852 -106.3226 -106.0886 -105.4760 -104.9321 -104.4422 -104.2521 -103.1312 -103.5513 -102.2455 -102.9313 -102.7134 -103.6758 -104.9302 -106.6523 -108.0661 -110.1472 -109.9689 -110.7759 -108.7943 -107.5786 -105.3691 -103.7234 -102.5249 -102.2513 -101.4360 -102.2402 -101.2376 -102.3210 -102.5196 -104.1498 -105.8730 -107.2732 -107.4559 -107.0827 -104.5880 -103.8759 -102.3720
-115.6405 -113.9820 -115.2141 -114.3799 -114.6111 -114.6495 -114.7431 -114.3496 -115.3910 -114.1121 -115.5372 -114.4887 -114.9432 -114.8616 -114.3762 -114.3054 -114.1539 -112.9946 -113.4903 -111.8226 -111.7744 -110.9098 -109.6713 -109.5430 -108.2158 -107.6364 -107.3587 -106.1385 -106.2433 -105.5204 -104.6144 -104.8795 -103.1705 -103.5370 -102.7539 -102.8738 -103.8820 -104.9685 -106.5051 -109.0528 -109.1751 -111.1100 -109.3954 -108.6994 -106.5383 -104.6336 -103.1905 -102.9116 -101.5817 -102.9425 -101.2684 -102.6673 -102.3814 -103.9180 -105.5290 -107.1688 -107.0995 -107.4411 -104.2327 -104.1458
-113.9320 -114.0924 -111.8788 -112.8833 -111.1710 -111.4111 -111.1434 -110.8834 -110.6777 -111.5755 -110.1175 -112.2348 -110.5013 -112.0599 -111.5440 -111.8869 -111.9366 -112.5465 -111.4445 -113.2328 -111.1224 -112.7014 -111.2665 -111.2373 -110.7395 -110.0752 -108.9685 -109.3826 -107.1707 -108.2491 -106.4916 -106.4409 -106.0490 -104.7553 -104.4309 -103.7875 -102.6568 -103.8114 -103.5991 -105.4601 -107.6422 -108.4039 -110.7680 -109.9031 -109.3026 -107.7500 -105.3157 -103.9662 -103.3904 -101.8516 -103.3797 -101.4984 -102.7927 -102.4485 -103.6198 -105.2368 -107.0260 -106.6627 -107.5837 -103.8556
-110.0579 -110.5789 -108.6620 -107.8918 -107.7169 -106.7697 -106.3846 -106.9390 -105.6219 -106.8034 -106.2821 -106.1006 -107.3242 -106.1358 -107.4677 -107.2652 -107.3801 -108.2000 -108.4552 -108.3412 -110.2942 -108.8136 -111.2879 -110.2032 -111.1615 -111.0648 -110.9899 -110.0891 -110.9371 -108.3219 -110.0150 -107.4948 -108.1460 -107.1486 -106.4365 -105.5039 -105.2731 -103.0093 -104.4107 -102.7806 -104.9105 -106.2571 -107.7396 -109.9779 -110.3037 -109.4651 -108.8900 -105.7800 -104.7718 -103.6720 -102.2465 -103.5072 -101.9224 -102.6595 -102.6706 -103.2481 -104.9938 -106.8075 -106.2407 -107.4118
