src/uuv_eskf_nav/gazebo_terrain.asc
ncols        257
nrows        257
xllcorner    -500.0
yllcorner    -500.0
cellsize     3.906250
NODATA_value -9999
[rows 182 to 207 of 257, columns 60 to 119 of 257]
-113.2725 -112.9189 -113.3145 -112.7504 -111.7213 -110.9869 -111.2783 -111.7002 -111.4786 -111.2799 -111.7766 -112.1298 -111.2501 -109.7223 -108.9745 -109.0239 -108.6130 -107.3924 -106.3232 -105.7304 -104.6212 -102.5617 -100.7470 -100.2169 -100.2002 -99.4320 -98.1686 -97.4931 -97.3035 -96.6083 -95.5400 -95.3624 -96.3017 -96.9816 -96.5437 -95.8746 -95.9265 -96.1480 -95.7119 -95.1988 -95.6141 -96.4444 -96.2915 -95.1355 -94.3628 -94.5272 -94.6887 -94.3211 -94.2820 -95.1201 -95.8326 -95.4446 -94.7389 -95.0721 -96.2409 -96.9976 -97.1928 -97.7770 -98.7999 -99.1218
-112.9654 -111.8114 -111.5426 -112.3703 -112.0352 -110.8734 -110.3511 -110.6698 -110.6909 -110.1375 -110.0966 -110.9185 -111.2679 -110.1555 -108.5719 -107.9175 -107.8571 -107.1508 -105.8706 -105.1194 -104.8454 -103.7259 -101.4671 -99.5479 -99.0052 -98.9288 -98.1332 -97.0726 -96.7769 -96.8350 -96.0736 -94.7759 -94.4741 -95.5002 -96.4102 -96.2644 -95.9146 -96.2434 -96.5600 -95.9614 -95.1834 -95.5446 -96.6807 -96.9888 -96.1236 -95.3857 -95.4628 -95.4634 -94.8018 -94.4772 -95.3836 -96.5729 -96.6070 -95.8281 -95.7365 -96.5698 -97.1707 -97.1969 -97.6978 -99.0524
-113.1720 -111.4916 -110.3590 -111.0935 -111.6832 -111.0688 -110.0564 -109.8242 -110.0042 -109.5541 -108.7828 -108.9150 -109.8705 -110.1054 -108.9361 -107.5383 -106.9960 -106.6894 -105.6334 -104.3204 -103.8354 -103.7901 -102.7414 -100.5400 -98.6876 -98.0614 -97.7538 -96.8431 -95.9685 -96.0392 -96.4095 -95.8006 -94.5001 -94.0713 -94.9452 -95.8452 -95.9170 -95.9344 -96.6435 -97.2409 -96.7055 -95.7142 -95.7593 -96.8091 -97.3853 -96.9112 -96.4274 -96.6151 -96.6284 -95.7477 -94.9265 -95.4243 -96.7246 -97.2647 -96.8235 -96.6522 -97.2628 -97.6874 -97.3885 -97.3980
-113.3032 -111.4810 -110.1518 -109.8749 -110.5042 -110.6943 -109.9650 -109.2718 -109.2577 -109.1979 -108.3906 -107.5561 -107.7649 -108.6027 -108.6576 -107.6091 -106.5523 -106.1179 -105.5547 -104.2324 -102.9096 -102.5295 -102.5362 -101.6064 -99.6984 -98.0960 -97.4134 -96.8449 -95.7898 -94.9981 -95.2582 -95.8714 -95.5911 -94.5827 -94.1829 -94.8348 -95.5509 -95.6745 -95.9061 -96.8928 -97.8524 -97.6801 -96.7737 -96.5172 -97.1956 -97.7041 -97.4365 -97.1700 -97.5424 -97.8082 -97.0695 -95.9423 -95.7908 -96.6806 -97.3642 -97.2785 -97.2602 -97.9047 -98.4484 -98.1074
-112.4159 -111.9729 -110.7561 -109.6465 -109.4553 -109.7330 -109.5265 -108.8386 -108.4509 -108.4969 -108.2112 -107.2810 -106.5199 -106.6605 -107.1743 -107.0339 -106.2067 -105.5092 -105.1563 -104.4417 -103.0534 -101.7757 -101.3263 -101.1855 -100.3528 -98.8548 -97.6137 -96.9616 -96.2533 -95.1534 -94.3791 -94.5921 -95.2382 -95.2923 -94.7705 -94.6093 -95.1501 -95.6993 -95.8055 -96.0592 -97.0453 -98.1923 -98.4905 -97.9958 -97.7100 -98.0379 -98.3007 -98.0105 -97.7270 -98.0651 -98.5358 -98.2208 -97.2533 -96.6975 -96.9877 -97.4094 -97.3844 -97.3911 -98.0243 -98.8220
-111.8127 -111.7221 -111.1326 -110.0965 -109.2701 -108.9859 -108.8284 -108.3524 -107.7689 -107.5145 -107.4509 -107.0411 -106.2387 -105.6388 -105.6004 -105.7070 -105.4064 -104.7999 -104.3445 -104.0087 -103.2911 -102.0842 -100.9577 -100.3517 -99.9330 -99.1341 -98.0171 -97.1112 -96.5373 -95.8665 -94.9338 -94.2480 -94.2785 -94.7275 -94.9564 -94.9058 -95.0750 -95.6440 -96.1808 -96.3913 -96.6525 -97.4169 -98.4213 -98.9905 -98.9862 -98.9243 -99.1131 -99.2126 -98.8972 -98.4948 -98.5184 -98.8276 -98.7930 -98.2455 -97.7239 -97.6502 -97.7547 -97.6389 -97.5086 -97.8518
-111.3362 -111.0896 -110.7537 -110.1900 -109.4905 -108.8701 -108.3811 -107.8864 -107.3176 -106.7973 -106.4354 -106.1319 -105.7156 -105.2087 -104.7985 -104.5531 -104.3187 -103.9493 -103.5020 -103.0941 -102.6663 -102.0444 -101.2123 -100.3643 -99.6414 -98.9556 -98.1672 -97.3282 -96.6108 -96.0466 -95.5024 -94.9364 -94.5224 -94.4305 -94.5949 -94.8251 -95.0817 -95.4881 -96.0762 -96.6846 -97.1801 -97.6483 -98.2401 -98.9052 -99.4291 -99.7167 -99.8849 -100.0348 -100.0771 -99.8942 -99.5723 -99.3205 -99.1879 -99.0171 -98.7078 -98.3809 -98.1964 -98.1231 -98.0271 -97.9288
-111.1053 -110.7592 -110.1926 -109.6393 -109.2397 -108.8535 -108.2899 -107.5991 -106.9840 -106.4841 -105.9346 -105.2639 -104.6546 -104.2996 -104.1163 -103.8574 -103.4512 -103.0557 -102.7633 -102.4289 -101.8948 -101.2532 -100.7233 -100.3196 -99.8217 -99.0975 -98.2901 -97.5939 -96.9807 -96.3012 -95.5932 -95.0962 -94.9311 -94.9339 -94.9038 -94.8919 -95.0966 -95.5415 -96.0395 -96.4906 -97.0345 -97.8059 -98.6682 -99.3476 -99.7743 -100.1210 -100.4927 -100.7565 -100.7680 -100.6257 -100.5413 -100.5184 -100.3430 -99.9118 -99.4029 -99.0327 -98.7782 -98.4855 -98.1766 -98.0586
-110.6555 -110.6897 -110.1311 -109.2034 -108.5464 -108.3371 -108.0944 -107.4372 -106.6345 -106.1310 -105.8109 -105.1616 -104.1017 -103.1974 -102.9011 -102.9336 -102.7221 -102.2183 -101.8683 -101.8207 -101.6254 -100.9087 -99.9910 -99.4759 -99.3986 -99.2005 -98.5562 -97.8047 -97.3604 -97.0458 -96.3906 -95.4412 -94.8165 -94.8809 -95.2582 -95.4080 -95.3901 -95.6815 -96.3663 -96.9690 -97.1960 -97.4331 -98.2034 -99.3751 -100.3086 -100.7232 -100.9908 -101.4509 -101.8328 -101.6833 -101.1335 -100.7979 -100.9172 -101.0248 -100.6404 -99.9532 -99.4875 -99.2983 -98.9439 -98.2672
-109.6170 -110.1434 -110.2407 -109.4144 -108.2453 -107.6105 -107.5063 -107.1797 -106.3211 -105.5119 -105.2705 -105.1732 -104.4205 -103.0405 -101.9324 -101.6550 -101.7240 -101.4139 -100.8322 -100.6579 -100.9757 -101.0095 -100.2081 -99.0818 -98.5256 -98.6001 -98.5419 -97.9431 -97.3195 -97.2378 -97.3604 -96.8920 -95.7957 -94.9565 -95.0126 -95.5487 -95.8055 -95.8112 -96.2459 -97.2821 -98.1958 -98.3790 -98.2575 -98.7221 -99.8804 -100.9457 -101.3906 -101.6305 -102.2436 -102.9502 -102.9377 -102.0781 -101.2121 -101.0365 -101.2056 -100.9400 -100.2052 -99.7028 -99.7303 -99.6718
-108.2933 -108.7554 -109.5647 -109.6230 -108.6080 -107.4088 -106.8875 -106.7560 -106.1603 -105.0523 -104.2921 -104.3267 -104.4192 -103.6186 -102.1014 -100.9468 -100.6695 -100.6221 -100.0853 -99.3867 -99.3796 -100.0591 -100.3976 -99.7055 -98.5717 -98.0265 -98.1398 -98.0630 -97.3935 -96.8080 -97.0204 -97.6193 -97.5464 -96.5725 -95.6449 -95.6000 -96.0999 -96.2937 -96.1718 -96.5829 -97.8884 -99.2678 -99.7568 -99.5510 -99.6953 -100.6104 -101.5797 -101.8934 -101.9142 -102.4783 -103.5243 -104.0166 -103.3361 -102.1494 -101.4967 -101.4180 -101.0815 -100.1615 -99.3919 -99.4675
-107.3313 -107.1464 -107.8863 -108.8010 -108.7607 -107.7210 -106.7018 -106.3379 -106.0788 -105.1453 -103.8058 -103.0801 -103.2712 -103.4474 -102.6636 -101.2205 -100.1981 -99.9570 -99.7492 -98.9525 -98.0919 -98.1273 -99.0147 -99.6287 -99.2085 -98.3070 -97.9273 -98.1105 -97.9912 -97.1918 -96.4909 -96.7538 -97.6496 -98.0197 -97.4169 -96.6565 -96.6301 -97.1024 -97.1980 -96.8248 -96.9235 -98.1385 -99.8118 -100.7724 -100.8394 -100.9347 -101.6890 -102.5603 -102.7091 -102.3203 -102.4115 -103.3643 -104.2866 -104.1541 -103.1420 -102.2883 -102.0121 -101.6245 -100.5033 -99.1824
-106.9077 -106.1955 -106.1442 -106.9907 -107.8088 -107.6613 -106.7600 -106.0500 -105.8430 -105.4369 -104.2374 -102.7534 -102.0100 -102.1663 -102.2729 -101.5285 -100.3042 -99.5401 -99.4036 -99.1145 -98.1659 -97.1758 -97.1184 -97.9783 -98.7118 -98.5874 -98.0570 -97.9839 -98.3590 -98.3366 -97.5261 -96.6789 -96.7503 -97.6161 -98.2325 -98.0256 -97.5856 -97.7375 -98.3402 -98.5279 -98.0416 -97.7345 -98.4857 -100.0102 -101.2187 -101.6300 -101.8801 -102.6627 -103.6445 -103.9118 -103.3158 -102.7869 -103.1268 -103.9358 -104.1633 -103.5092 -102.7313 -102.4753 -102.3232 -101.4289
-106.5187 -105.9380 -105.2718 -105.3263 -106.0761 -106.6467 -106.4164 -105.7419 -105.3467 -105.2525 -104.7535 -103.4671 -101.9860 -101.1930 -101.1449 -101.0395 -100.3055 -99.3259 -98.8290 -98.8252 -98.5853 -97.6984 -96.7326 -96.5536 -97.2043 -97.8628 -97.9255 -97.7327 -97.9651 -98.5872 -98.8316 -98.2652 -97.4579 -97.3045 -97.8973 -98.4698 -98.4677 -98.2675 -98.5718 -99.3524 -99.8360 -99.5754 -99.1282 -99.3839 -100.4335 -101.5042 -102.0227 -102.3317 -103.0880 -104.2091 -104.8642 -104.5561 -103.8130 -103.5245 -103.8107 -103.9474 -103.4191 -102.6275 -102.2854 -102.3581
-105.6600 -105.5802 -105.0435 -104.5676 -104.6681 -105.1766 -105.4488 -105.1775 -104.7213 -104.5276 -104.4560 -103.9388 -102.7727 -101.4652 -100.6485 -100.3268 -99.9495 -99.1930 -98.3926 -98.0499 -98.1053 -97.9817 -97.3587 -96.6350 -96.4454 -96.8644 -97.3503 -97.4850 -97.5011 -97.8894 -98.6383 -99.1594 -99.0255 -98.5385 -98.3593 -98.6873 -99.0736 -99.0961 -98.9626 -99.2197 -99.9696 -100.6720 -100.8241 -100.6175 -100.6938 -101.3224 -102.0958 -102.5288 -102.7299 -103.2233 -104.1649 -105.0292 -105.2152 -104.7807 -104.3302 -104.2157 -104.1210 -103.5726 -102.6588 -101.9644
-104.4892 -104.6004 -104.5064 -104.2016 -103.9911 -104.0857 -104.3199 -104.3570 -104.1058 -103.7969 -103.6268 -103.4523 -102.9516 -102.0492 -101.0450 -100.2716 -99.7238 -99.1352 -98.3882 -97.7043 -97.3619 -97.3186 -97.2483 -96.9549 -96.6237 -96.5822 -96.8825 -97.2516 -97.4637 -97.6327 -98.0335 -98.6911 -99.2894 -99.5338 -99.5013 -99.5226 -99.7576 -100.0200 -100.0731 -99.9923 -100.1011 -100.5581 -101.1406 -101.5163 -101.6540 -101.8404 -102.2885 -102.8583 -103.2559 -103.4374 -103.6734 -104.1785 -104.7940 -105.1456 -105.0791 -104.8088 -104.5975 -104.4001 -103.9453 -103.1426
-103.5960 -103.4292 -103.3599 -103.3414 -103.3541 -103.3976 -103.4571 -103.4883 -103.4430 -103.3019 -103.0753 -102.7712 -102.3742 -101.8637 -101.2486 -100.5738 -99.8884 -99.2158 -98.5610 -97.9422 -97.4040 -96.9908 -96.2110 -96.0270 -95.9761 -96.0650 -96.7113 -96.9991 -97.3624 -97.7609 -98.1818 -98.6301 -99.0951 -99.5378 -99.9184 -100.2295 -100.4936 -100.7304 -100.9345 -101.0939 -101.2214 -101.3579 -101.5388 -101.7663 -102.0196 -102.2903 -102.5948 -102.9494 -103.3398 -103.7255 -104.0747 -104.3849 -104.6630 -104.8924 -105.0304 -105.0408 -104.9216 -104.6946 -104.3713 -103.9418
-103.2077 -102.7959 -102.3398 -102.0816 -102.1714 -102.4629 -102.6666 -102.6678 -102.6132 -102.6653 -102.7451 -102.5978 -102.1022 -101.4324 -100.8630 -100.4568 -100.0227 -99.3904 -98.6495 -97.5801 -97.1003 -96.7137 -96.2267 -95.6862 -95.3636 -95.4506 -95.8431 -96.2809 -97.0571 -97.4147 -98.0425 -98.8485 -99.5423 -99.9513 -100.2002 -100.5322 -100.9985 -101.4065 -101.5850 -101.6233 -101.7746 -102.1424 -102.5474 -102.7466 -102.7332 -102.7423 -102.9602 -103.3042 -103.5501 -103.6380 -103.7633 -104.1294 -104.6733 -105.1111 -105.2515 -105.1884 -105.1381 -105.1359 -104.9817 -104.5047
-102.9137 -102.6796 -102.0958 -101.3454 -100.9409 -101.1185 -101.5597 -101.7764 -101.6783 -101.6234 -101.8990 -102.2897 -102.2822 -101.6653 -100.7890 -100.1602 -99.8681 -99.5380 -98.3407 -97.3064 -96.5748 -96.3562 -96.3292 -96.0485 -95.5055 -95.1520 -95.3572 -95.9692 -96.5186 -97.2241 -97.4246 -98.1202 -99.2620 -100.3361 -100.9236 -101.1437 -101.4469 -102.0242 -102.5694 -102.6854 -102.4222 -102.2679 -102.5893 -103.2052 -103.6148 -103.6018 -103.4724 -103.6452 -104.1105 -104.4379 -104.3234 -103.9959 -103.9689 -104.4341 -105.0357 -105.2983 -105.1774 -105.0585 -105.2162 -105.4186
-102.2778 -102.3377 -102.1903 -101.4660 -100.5301 -100.0694 -100.3010 -100.7469 -100.8329 -100.5765 -100.5273 -101.0357 -101.7460 -101.9439 -101.3541 -100.4381 -99.8382 -99.1448 -98.6226 -97.5605 -96.2508 -95.4031 -95.3539 -95.6976 -95.7830 -95.4783 -95.2906 -95.7079 -96.5755 -97.2682 -97.8383 -97.7520 -98.2400 -99.4358 -100.7703 -101.6052 -101.9281 -102.2817 -103.0290 -103.8610 -104.1512 -103.7332 -103.1524 -103.0768 -103.5621 -104.0439 -104.0548 -103.7921 -103.8530 -104.4664 -105.1651 -105.3105 -104.8442 -104.3634 -104.4258 -104.9152 -105.2224 -105.0095 -104.6209 -104.6418
-101.4939 -101.3799 -101.6732 -101.5948 -100.8299 -99.8827 -99.4870 -99.7681 -100.1349 -100.0181 -99.5657 -99.4651 -100.0958 -101.0191 -101.4172 -100.9789 -100.2017 -99.1201 -98.8000 -98.2489 -97.0278 -95.4761 -94.4452 -94.4109 -94.9910 -95.4238 -95.4406 -95.5111 -96.1941 -97.3850 -98.3719 -98.9587 -98.6919 -98.8517 -99.8129 -101.1276 -102.0549 -102.4084 -102.7197 -103.5350 -104.6891 -105.4326 -105.2752 -104.5597 -104.0875 -104.2348 -104.5892 -104.5204 -103.9929 -103.6474 -104.0474 -104.9838 -105.6685 -105.6016 -105.1036 -104.8968 -105.2383 -105.6311 -105.4484 -104.7209
-101.1740 -100.3889 -100.4444 -100.8419 -100.7978 -100.0974 -99.3031 -99.0840 -99.4460 -99.7471 -99.4727 -98.8644 -98.6640 -99.2583 -100.2079 -100.7046 -99.9260 -99.0926 -98.5480 -98.3526 -97.9252 -96.7887 -95.2368 -94.1333 -94.0461 -94.6905 -95.3059 -95.5237 -95.7328 -96.5377 -97.9560 -99.6874 -100.1451 -100.0177 -100.0267 -100.7193 -101.8621 -102.7400 -103.0016 -103.0673 -103.6223 -104.7817 -105.8987 -106.2482 -105.8112 -105.2660 -105.2058 -105.4870 -105.4559 -104.7820 -103.9204 -103.6544 -104.2340 -105.0965 -105.4910 -105.2931 -105.0796 -105.3934 -106.0593 -106.3539
-101.5340 -100.1997 -99.4749 -99.5460 -99.8857 -99.8179 -99.2369 -98.6804 -98.6849 -99.1566 -99.4702 -99.1845 -98.5609 -98.2951 -98.7522 -99.5610 -99.4324 -98.9457 -98.1636 -97.6943 -97.6314 -97.4627 -96.6981 -95.5013 -94.5985 -94.5489 -95.1830 -95.8315 -96.0838 -96.2253 -96.8687 -98.6419 -99.9746 -100.8555 -101.1150 -101.2632 -101.8763 -102.9294 -103.8269 -104.0910 -103.9248 -104.0048 -104.7296 -105.7660 -106.4026 -106.3178 -105.9026 -105.7859 -106.1056 -106.3537 -105.9738 -105.0347 -104.2144 -104.1026 -104.5946 -105.0500 -105.0281 -104.7695 -104.8835 -105.6008
-102.1327 -100.7953 -99.5420 -98.8489 -98.8027 -98.9526 -98.8026 -98.3354 -97.9991 -98.1760 -98.7266 -99.1147 -98.9810 -98.5346 -98.3298 -98.6692 -98.6537 -98.6613 -98.0936 -97.3024 -96.8262 -96.8165 -96.9028 -96.6397 -96.0360 -95.5768 -95.7096 -96.3591 -97.0084 -97.2630 -97.2824 -97.6044 -98.8273 -100.0238 -101.0737 -101.6674 -102.0574 -102.7191 -103.7734 -104.8127 -105.3261 -105.2565 -105.0744 -105.2823 -105.8870 -106.4145 -106.4450 -106.0777 -105.8151 -105.9968 -106.4107 -106.5153 -106.0335 -105.2687 -104.7960 -104.8654 -105.1675 -105.2124 -104.8979 -104.6354
-102.3802 -101.4379 -100.2145 -99.1596 -98.5090 -98.2916 -98.2058 -97.9587 -97.5825 -97.3887 -97.6129 -98.1334 -98.5715 -98.6688 -98.5412 -98.5389 -98.2289 -98.3675 -98.2199 -97.6533 -96.9250 -96.4526 -96.4204 -96.6329 -96.7620 -96.7135 -96.7177 -97.0521 -97.7046 -98.3509 -98.6820 -98.7346 -99.1453 -99.5610 -100.4026 -101.3155 -102.0069 -102.5288 -103.1793 -104.1323 -105.2004 -105.9895 -106.2859 -106.2632 -106.2896 -106.5407 -106.8301 -106.8363 -106.4761 -106.0218 -105.8311 -105.9786 -106.1835 -106.1126 -105.7355 -105.3551 -105.2827 -105.5074 -105.7165 -105.6411
-102.1773 -101.5278 -100.6666 -99.6657 -98.8982 -98.3301 -97.9719 -97.7033 -97.4192 -97.1534 -97.0488 -97.2045 -97.5611 -97.9446 -98.2257 -98.4300 -98.0890 -98.1473 -98.1685 -98.0141 -97.6438 -97.1961 -96.8976 -96.8832 -97.1019 -97.3962 -97.6668 -97.9515 -98.3466 -98.8637 -99.3840 -100.2116 -100.2528 -100.3507 -100.6626 -101.2213 -101.9030 -102.5521 -103.1302 -103.7344 -104.4677 -105.2981 -106.0570 -106.5819 -106.8572 -107.0085 -107.1588 -107.2978 -107.3007 -107.0756 -106.6840 -106.3046 -106.0765 -105.9816 -105.8881 -105.7065 -105.4954 -105.4055 -105.5218 -105.7694
