src/uuv_eskf_nav/gazebo_terrain.asc
ncols        257
nrows        257
xllcorner    -500.0
yllcorner    -500.0
cellsize     3.906250
NODATA_value -9999
[rows 0 to 25 of 257, columns 0 to 59 of 257]
-118.2999 -115.9220 -112.9640 -113.6943 -113.5696 -114.9122 -119.5633 -120.6625 -123.8895 -125.3048 -125.4433 -123.9105 -122.8326 -119.3383 -116.4249 -118.2092 -117.3300 -118.5355 -120.8158 -121.5041 -122.0763 -121.5640 -121.1590 -116.9628 -115.8105 -112.7597 -109.3126 -109.3871 -108.0541 -108.7937 -109.7386 -112.4324 -112.6644 -114.3132 -115.8012 -113.4814 -114.1935 -112.1409 -110.3728 -108.9869 -108.6077 -107.8958 -107.6790 -110.5484 -109.8184 -112.3757 -113.9653 -113.8739 -114.6577 -114.2158 -113.4541 -110.7645 -110.9716 -107.9702 -106.4761 -106.9851 -105.1199 -106.1794 -106.8606 -108.4838
-116.9423 -115.1618 -113.2784 -115.1711 -115.9323 -117.8935 -122.2302 -122.5650 -124.7235 -124.7913 -123.9636 -121.9417 -121.1893 -118.1126 -116.6606 -119.6058 -119.4422 -121.5910 -123.5243 -123.6636 -123.1765 -121.8094 -120.0625 -115.4963 -114.6661 -111.3807 -109.5388 -110.3863 -109.9260 -111.3805 -112.6044 -114.7003 -113.8477 -115.1885 -114.4233 -111.7850 -112.0066 -109.3533 -108.4896 -107.9285 -108.8159 -108.7464 -110.6835 -113.2922 -112.9424 -116.0783 -115.8805 -115.5475 -115.0886 -113.7919 -111.6132 -109.4045 -109.1836 -105.7997 -106.5540 -106.4568 -106.0932 -108.1352 -109.2666 -110.8843
-116.4908 -115.7771 -115.2590 -117.9891 -119.2814 -121.2650 -124.5050 -123.8825 -124.7578 -123.7541 -122.4757 -120.6853 -120.7041 -118.4500 -118.6292 -122.1069 -122.3854 -124.6530 -125.5643 -124.8264 -123.2259 -121.2101 -118.6118 -114.7279 -114.4370 -111.7857 -111.7778 -113.0206 -113.2787 -114.7285 -115.5724 -116.2519 -114.4668 -114.8887 -112.3001 -110.2164 -109.9421 -107.8438 -108.2363 -108.8172 -110.6663 -111.4511 -114.6179 -116.0179 -116.2983 -118.4027 -116.6834 -116.0796 -114.4524 -112.6976 -110.0807 -109.1172 -108.2538 -106.4243 -108.4850 -108.0206 -109.4482 -111.2742 -112.4464 -113.3408
-117.2008 -117.7192 -118.4877 -121.4500 -122.7862 -124.1946 -125.8458 -124.3999 -124.1375 -122.6623 -121.5742 -120.6591 -121.6192 -120.3319 -121.7864 -124.9787 -125.3136 -126.8311 -126.4163 -124.7850 -122.4171 -120.1853 -117.5651 -115.1444 -115.4447 -114.0918 -115.4144 -116.5853 -117.0897 -117.7959 -117.6852 -116.7023 -114.3657 -113.5904 -110.4088 -109.3115 -108.9049 -108.2538 -109.7457 -111.3601 -113.5969 -115.0758 -117.9662 -118.0982 -118.6071 -118.7664 -116.5101 -115.5198 -113.4406 -111.8236 -109.9813 -110.1211 -109.2800 -109.6878 -111.5700 -111.5414 -113.6006 -114.4296 -115.0854 -114.9890
-118.9693 -120.5374 -122.1929 -124.6644 -125.5981 -126.0190 -126.0077 -124.1856 -123.2256 -122.0167 -121.6803 -122.0075 -123.7334 -123.2557 -125.2179 -127.3711 -127.3947 -127.5295 -125.9524 -123.7252 -121.2150 -119.2879 -117.5261 -116.8039 -117.6164 -117.7411 -119.3922 -120.1131 -120.2278 -119.7235 -118.3982 -116.1663 -113.6779 -112.0200 -109.6241 -109.4223 -109.5243 -110.4555 -112.5359 -114.6621 -116.6928 -118.2121 -119.6710 -119.0741 -118.9715 -117.6203 -115.7126 -114.4783 -112.9328 -112.0703 -111.6627 -112.4054 -112.5286 -114.1051 -115.1801 -115.7311 -116.8262 -116.5918 -116.2168 -115.1772
-121.3557 -123.5004 -125.4593 -126.8001 -127.0814 -126.4104 -125.0928 -123.5403 -122.4661 -122.1782 -122.8990 -124.4488 -126.4645 -126.3972 -127.9278 -128.5874 -128.0682 -126.6230 -124.4519 -122.1352 -120.1713 -118.9915 -118.7026 -119.3071 -120.4759 -121.6679 -122.5790 -122.6643 -121.8327 -120.1054 -117.7471 -115.1333 -112.7928 -111.1225 -110.3253 -110.6543 -111.8115 -113.6284 -115.6919 -117.5792 -118.9478 -119.6145 -119.5046 -118.6555 -117.4485 -115.9928 -114.7276 -113.8720 -113.5482 -113.8266 -114.6236 -115.7492 -116.9123 -117.9975 -118.5974 -118.7053 -118.2138 -117.1133 -115.5914 -113.7991
-123.7015 -125.7992 -127.4741 -127.3074 -126.9714 -125.4392 -123.4939 -122.8729 -122.2271 -123.2409 -124.9782 -127.3560 -129.0302 -128.8675 -129.1446 -128.2961 -127.2078 -124.4755 -122.4848 -120.6212 -119.7200 -119.5092 -120.8139 -121.9308 -123.2672 -124.6576 -124.1358 -123.6043 -121.5907 -119.0873 -116.2839 -114.2221 -112.2357 -111.6004 -112.2730 -112.8346 -115.0635 -116.6285 -118.1828 -119.1436 -119.5821 -118.8041 -117.9471 -116.8776 -115.0778 -114.7979 -114.0606 -114.4165 -115.3402 -116.6925 -117.9157 -119.4718 -120.5117 -120.4212 -120.7527 -119.2293 -117.8198 -115.9013 -113.7187 -111.5732
-125.3145 -126.7709 -127.7403 -126.0608 -125.4229 -123.5210 -121.7570 -122.5511 -122.6755 -124.9938 -127.3800 -129.9436 -130.6888 -129.9829 -128.5514 -126.6234 -125.1431 -121.8042 -120.7100 -119.6955 -120.0267 -120.7126 -123.1809 -123.8716 -125.1772 -125.7673 -123.7638 -122.7846 -119.8130 -117.2717 -114.8205 -113.9282 -112.4740 -113.5523 -114.7764 -115.5053 -118.1075 -118.4609 -119.2111 -118.8995 -118.3438 -116.2920 -115.7792 -114.2979 -113.2778 -114.4140 -114.2040 -116.1642 -117.7707 -119.6403 -120.6025 -122.3437 -121.8158 -121.1950 -120.5980 -117.5530 -116.1994 -113.5816 -111.6004 -109.7931
-125.6638 -126.0808 -126.2011 -123.3813 -122.9407 -121.2737 -120.4087 -122.7753 -123.7232 -126.9808 -129.4427 -131.5031 -130.9655 -129.4655 -126.3732 -124.1009 -122.5436 -119.4413 -119.6611 -119.6137 -120.9425 -122.1758 -124.9670 -124.5133 -125.5938 -124.6564 -121.7572 -120.5782 -117.2950 -115.4737 -114.0917 -114.4613 -113.7099 -116.3978 -117.0265 -117.9833 -119.7978 -118.6407 -118.4866 -117.0422 -115.6683 -113.2943 -113.7254 -111.9565 -113.0007 -114.7355 -115.3825 -118.4154 -119.9503 -121.5216 -121.9826 -123.0641 -120.6429 -120.3929 -118.0118 -115.0643 -114.0125 -111.3622 -110.2830 -109.5235
-124.5312 -123.8145 -123.2428 -119.9392 -120.2201 -119.3304 -119.8024 -123.5155 -125.0586 -128.6390 -130.5808 -131.6137 -129.7942 -127.5178 -123.2997 -121.4943 -120.2069 -118.0749 -119.5897 -120.3100 -122.0737 -123.3307 -125.4817 -123.6275 -124.3163 -121.7067 -118.8651 -117.7583 -115.0164 -114.4234 -114.4748 -115.7094 -115.7469 -119.1305 -118.4128 -119.5330 -119.5357 -117.3119 -116.3394 -114.3312 -112.5825 -111.1176 -112.3230 -110.9552 -114.2287 -115.4811 -117.2751 -120.0959 -121.0150 -121.6115 -121.6394 -121.1184 -118.0119 -118.1452 -114.2812 -113.1591 -112.0229 -110.4495 -110.4031 -110.8778
-122.0761 -120.4550 -119.5824 -116.5674 -117.9461 -118.1645 -120.0253 -124.5261 -126.2498 -129.4705 -130.4606 -130.2659 -127.5336 -124.7517 -120.2715 -119.5674 -118.8193 -118.0495 -120.4122 -121.4471 -122.9385 -123.6765 -124.4379 -121.4454 -121.6487 -117.8909 -116.0279 -115.2563 -113.7937 -114.5201 -115.8723 -117.3145 -118.0122 -120.7772 -118.6909 -119.6417 -117.5492 -115.1274 -113.6276 -111.8216 -110.3359 -110.5774 -111.9460 -111.8442 -116.1327 -116.4036 -119.0166 -120.3620 -120.4781 -119.8936 -119.5484 -117.3045 -115.2419 -114.9987 -111.4387 -112.4344 -111.1203 -111.3349 -111.9127 -113.0231
-118.7985 -116.7550 -116.0726 -114.0397 -116.6098 -117.9727 -120.8902 -125.4313 -126.8837 -129.1932 -129.0997 -127.8610 -124.8555 -121.9989 -118.1983 -118.8588 -118.7631 -119.2851 -121.7697 -122.5558 -123.1505 -122.9708 -122.0709 -118.5849 -118.3377 -114.4395 -114.0851 -113.8730 -114.0124 -115.7193 -117.7892 -118.8115 -119.7565 -120.8354 -117.9797 -118.2924 -114.7927 -112.9871 -111.4554 -110.5089 -109.8947 -111.7521 -112.7921 -114.2429 -117.7116 -117.2549 -119.6240 -119.0437 -118.4357 -117.0017 -116.2752 -113.3794 -113.1965 -112.1997 -110.8875 -112.7977 -111.9324 -113.5114 -114.1146 -114.8545
-115.4096 -113.5401 -113.4793 -112.8744 -116.3892 -118.6442 -122.0072 -125.8484 -126.6954 -127.8257 -126.8587 -125.0893 -122.5418 -120.0631 -117.6941 -119.5336 -120.0217 -121.3310 -123.1704 -123.2115 -122.5652 -121.3349 -119.0770 -115.8627 -115.3656 -112.4280 -113.5474 -114.0311 -115.5280 -117.5830 -119.5570 -119.7789 -120.3680 -119.4787 -116.6543 -116.0787 -112.5200 -111.7514 -110.7860 -110.9994 -111.5319 -114.1299 -114.7515 -117.0179 -118.4036 -117.6857 -118.6282 -116.6791 -115.5648 -113.9409 -113.0024 -111.0295 -112.2390 -111.2101 -112.5368 -114.0193 -114.2318 -115.8610 -116.0066 -115.6662
-114.6447 -113.4930 -114.2873 -115.2090 -119.1196 -121.8131 -124.9045 -127.5067 -127.6449 -127.6762 -126.3280 -124.7216 -123.2472 -121.4816 -120.9008 -123.3468 -124.2008 -125.5242 -126.1586 -125.1803 -123.3347 -121.2314 -118.3886 -116.0510 -115.6525 -114.4275 -116.4860 -117.6450 -119.7564 -121.4592 -122.6014 -121.9583 -121.6598 -119.4428 -117.2191 -116.0450 -113.7454 -114.0055 -114.0807 -115.3033 -116.7218 -118.9605 -119.2812 -120.9495 -120.2556 -119.3396 -118.4562 -116.1936 -114.9106 -113.7560 -113.1254 -112.9645 -114.5863 -114.6507 -117.1713 -117.8978 -118.8355 -119.3614 -118.7635 -117.3085
-112.7969 -112.7057 -114.3124 -116.5048 -120.0834 -122.7012 -124.8915 -126.0535 -125.6474 -124.9718 -123.8743 -123.1048 -123.0288 -122.0970 -123.1785 -125.4524 -126.3813 -126.9256 -126.1811 -124.2168 -121.5826 -119.0475 -116.5938 -115.3832 -115.4891 -116.0660 -118.2816 -119.8807 -121.6369 -122.4499 -122.3735 -121.0546 -119.7190 -117.3972 -115.9308 -115.0005 -114.5811 -115.6323 -116.8367 -118.5525 -120.1211 -121.2871 -121.2286 -121.1713 -119.3821 -117.9035 -115.9722 -114.2184 -113.2450 -112.9635 -113.2575 -114.5128 -116.1032 -117.4012 -119.2703 -119.6432 -120.0497 -119.2755 -117.8404 -115.7156
-112.0305 -113.0502 -115.1539 -118.0883 -120.6051 -122.7229 -123.6304 -123.5335 -122.9681 -122.1661 -121.9078 -122.4388 -123.7066 -123.4857 -125.6739 -127.0323 -127.7670 -126.9735 -125.1160 -122.4993 -119.7265 -117.3396 -116.1114 -115.8760 -116.8033 -118.5557 -120.2143 -121.8051 -122.3784 -122.0851 -120.8827 -119.2086 -117.2448 -115.9976 -115.1646 -115.4852 -116.6114 -118.2102 -120.1131 -121.6553 -122.5056 -122.5355 -121.6775 -119.9048 -118.0620 -115.8329 -114.2861 -113.2761 -113.1213 -113.7648 -115.1370 -116.6383 -118.3579 -119.5895 -120.1555 -120.1719 -119.1164 -117.6092 -115.5212 -113.2529
-112.4107 -114.2884 -116.3817 -119.4024 -120.3089 -121.7084 -121.2869 -120.4365 -120.2014 -119.8697 -120.8268 -122.7825 -124.9785 -125.1464 -127.6295 -127.5920 -127.9684 -125.6942 -123.3447 -120.6141 -118.3924 -116.7049 -117.1132 -117.4002 -119.2262 -121.0451 -121.7439 -122.7606 -121.7825 -120.5307 -118.7164 -117.0336 -115.3120 -115.7049 -115.3836 -117.5308 -119.1895 -121.1522 -122.9269 -123.7288 -123.3113 -122.6048 -120.5190 -118.2255 -116.7043 -114.3099 -114.1790 -113.7666 -114.6807 -115.9738 -117.7828 -118.6351 -120.4034 -119.9675 -119.8796 -118.7509 -116.6622 -114.9785 -112.7941 -110.8471
-113.7193 -115.9679 -117.4881 -119.9807 -119.0510 -119.7712 -118.3063 -117.3880 -117.9289 -118.5102 -120.7389 -123.8716 -126.3398 -126.4755 -128.4250 -126.9207 -126.9285 -123.4988 -121.4414 -119.1858 -118.0401 -117.4115 -119.3066 -119.5551 -122.0313 -122.7533 -122.4848 -122.4269 -120.1251 -118.3535 -116.6497 -115.2748 -114.7601 -116.5270 -116.7792 -120.4551 -121.5682 -123.6677 -124.4545 -124.2446 -122.6281 -121.6501 -118.4600 -117.2024 -115.7584 -114.4508 -115.6404 -115.7099 -117.4066 -118.8299 -119.9395 -120.0696 -120.9712 -118.5703 -118.5047 -115.6468 -113.9385 -112.2460 -110.7463 -109.5983
-115.5192 -117.5464 -118.0283 -119.5671 -116.9620 -117.2718 -115.2923 -114.9842 -116.5660 -118.2280 -121.4467 -125.2068 -127.2372 -126.9441 -127.7528 -125.1402 -124.9248 -121.0423 -119.9859 -118.6792 -118.8211 -119.3111 -122.0440 -121.7877 -124.3725 -123.2325 -122.3034 -120.9467 -118.0467 -116.3308 -115.3914 -114.5846 -115.8625 -118.1246 -119.1216 -123.1768 -123.1598 -125.0085 -124.3435 -123.2257 -121.0656 -120.0866 -116.7288 -117.3604 -115.7726 -116.6064 -118.0762 -118.6705 -120.3377 -121.2582 -120.7975 -120.5775 -119.4193 -116.4214 -116.0775 -112.2829 -111.9538 -110.3770 -110.1311 -110.1798
-117.2704 -118.5322 -117.7366 -118.1734 -114.4122 -114.7159 -112.8502 -113.6394 -116.2614 -118.8554 -122.5206 -126.2060 -127.2336 -126.2488 -125.6981 -122.6579 -122.4773 -119.0158 -119.3859 -119.2566 -120.5345 -121.8813 -124.5391 -123.5439 -125.5660 -122.4917 -121.3453 -118.8878 -116.3242 -115.1951 -115.3745 -115.3015 -118.2429 -120.0034 -121.7560 -124.7123 -123.6627 -124.7585 -122.8273 -121.2331 -119.4341 -118.5739 -116.4255 -118.5997 -117.1893 -120.0924 -120.7319 -121.7834 -122.4720 -122.3448 -120.2998 -119.8337 -116.3966 -114.5570 -113.1344 -110.3558 -111.1125 -110.1338 -111.0864 -112.2848
-118.4653 -118.6032 -116.5882 -116.0651 -111.9127 -112.6167 -111.4335 -113.4875 -116.8737 -119.9817 -123.4332 -126.3758 -126.1353 -124.3944 -122.7080 -120.0404 -120.1916 -117.9372 -119.7585 -120.7315 -122.6896 -124.3846 -126.1126 -124.4119 -125.3179 -120.9522 -119.9908 -117.0502 -115.6098 -115.4001 -116.6493 -117.3120 -121.0665 -121.6822 -123.8044 -124.6014 -123.0662 -123.0438 -120.6067 -119.1449 -118.4252 -117.8622 -117.9176 -120.4854 -119.9492 -123.5686 -122.9804 -124.0092 -123.1717 -121.7815 -118.9329 -117.8959 -113.5109 -113.4139 -110.9216 -110.6509 -111.4477 -111.6308 -113.0942 -114.7221
-118.7486 -117.6781 -114.7942 -113.6817 -109.9803 -111.3603 -111.2360 -114.3587 -118.0260 -121.0797 -123.7148 -125.4520 -124.0474 -121.6887 -119.4604 -117.8504 -118.5866 -118.0032 -120.9054 -122.6281 -124.6526 -126.0910 -126.3880 -124.2236 -123.8196 -119.2664 -118.7515 -116.1867 -116.2273 -116.9817 -118.8951 -120.0611 -123.4063 -122.7865 -124.5243 -123.0606 -121.6077 -120.5411 -118.5662 -117.8185 -118.4243 -118.4796 -120.6685 -122.5700 -123.2600 -125.8003 -124.3606 -124.5862 -122.3880 -120.0080 -117.3305 -115.5383 -112.2247 -113.0481 -110.7355 -112.6490 -112.8724 -114.1221 -115.1970 -116.1825
-117.9947 -115.9230 -112.7356 -111.5161 -109.0033 -111.1088 -112.1537 -115.8361 -119.2202 -121.6560 -123.0854 -123.4723 -121.3441 -118.6555 -116.6751 -116.4938 -117.9540 -119.0432 -122.3823 -124.3269 -125.8303 -126.4961 -125.3811 -123.0920 -121.6749 -118.0778 -118.1290 -116.7341 -118.0867 -119.5570 -121.5342 -122.7281 -124.6111 -123.0859 -123.6654 -120.8176 -119.7316 -118.2446 -117.4517 -117.7756 -119.4679 -120.4080 -123.5881 -124.4801 -125.8439 -126.2595 -124.5377 -123.4382 -120.6275 -117.9596 -116.0548 -114.0407 -112.9483 -113.6354 -112.8562 -115.1859 -115.0397 -116.3431 -116.4049 -116.0184
-116.3252 -113.6971 -110.8562 -109.9870 -109.1424 -111.7650 -113.8214 -117.3711 -119.9756 -121.3849 -121.5292 -120.7640 -118.5654 -115.8925 -114.9202 -116.1201 -118.2884 -120.5849 -123.6374 -125.2480 -125.8386 -125.4668 -123.4625 -121.3764 -119.6874 -117.8118 -118.4681 -118.6560 -120.7334 -122.4533 -123.9043 -124.5162 -124.5180 -122.5237 -121.6346 -118.7517 -118.0375 -117.0719 -117.6372 -119.0342 -121.2873 -122.9799 -125.6434 -125.8043 -126.6084 -125.1987 -123.3978 -121.2470 -118.7111 -116.5916 -115.5995 -114.4057 -115.0649 -115.4473 -116.1667 -117.3615 -117.1076 -117.2411 -116.1309 -114.4193
-114.0671 -111.4542 -109.5443 -109.3360 -110.2906 -113.0047 -115.7120 -118.4275 -119.9548 -120.1889 -119.2928 -117.8538 -116.2722 -113.9156 -114.4682 -116.6005 -119.3037 -122.0056 -124.1762 -125.0195 -124.6061 -123.2738 -121.2192 -119.5840 -118.5802 -118.5630 -119.8407 -121.4517 -123.5024 -124.9218 -125.4436 -124.9483 -123.4414 -121.2604 -119.3614 -117.5440 -117.1671 -117.4900 -119.0456 -121.1410 -123.3813 -125.1332 -126.3177 -126.0433 -125.3023 -123.2720 -121.2586 -119.1013 -117.4509 -116.4723 -116.3621 -116.6147 -117.6664 -118.2540 -118.9448 -118.8007 -117.9883 -116.5382 -114.4537 -112.0449
-111.6649 -109.6277 -109.0340 -109.5737 -112.0998 -114.3649 -117.2692 -118.6146 -119.0448 -118.2499 -116.8137 -115.3262 -114.8993 -113.0311 -115.2382 -117.5826 -120.5256 -122.7228 -123.7023 -123.5819 -122.3886 -120.5027 -119.2655 -118.2313 -118.7484 -120.1007 -121.9979 -124.3272 -125.7190 -126.3651 -125.8407 -124.0484 -121.9801 -119.7024 -117.9072 -117.4952 -117.6064 -119.3393 -121.2223 -123.3712 -125.1166 -125.9251 -125.6782 -124.8199 -122.6752 -121.1047 -118.9463 -117.9343 -117.3701 -117.6355 -118.4104 -119.6014 -120.1514 -120.9541 -120.1089 -119.2787 -117.1038 -114.7293 -112.0773 -109.6579
