src/uuv_eskf_nav/gazebo_terrain.asc
ncols        257
nrows        257
xllcorner    -500.0
yllcorner    -500.0
cellsize     3.906250
NODATA_value -9999
[rows 26 to 51 of 257, columns 120 to 179 of 257]
-99.5893 -98.7547 -99.0000 -97.6120 -97.7285 -96.7825 -96.2165 -95.8621 -95.2555 -94.6810 -94.9452 -93.8285 -94.7553 -93.8778 -94.5295 -94.5275 -94.7546 -95.0443 -95.6756 -95.3447 -96.6968 -95.8598 -97.1253 -96.6693 -97.1285 -97.1892 -97.3457 -97.0909 -97.8713 -96.9266 -98.2429 -97.4133 -98.4128 -98.4892 -99.0492 -99.6152 -100.6053 -100.7642 -102.6237 -102.4399 -104.3874 -104.6900 -105.8686 -106.7575 -107.4723 -108.0022 -109.0643 -108.6609 -109.9461 -109.2706 -109.8733 -109.7409 -109.4798 -109.5959 -109.3990 -108.9602 -109.4730 -108.6168 -109.2725 -108.9709
-98.6336 -100.0140 -98.0380 -98.5701 -97.5419 -97.0419 -96.3856 -96.1794 -94.7044 -95.6474 -93.5503 -94.8029 -93.4825 -93.9353 -93.8810 -93.9580 -94.0130 -94.9982 -94.1511 -96.1012 -94.9960 -96.5442 -96.3569 -96.7471 -97.2299 -97.4152 -97.2541 -98.3747 -97.1975 -98.7590 -97.8168 -98.5752 -98.8304 -98.8183 -99.5361 -100.1092 -100.1051 -101.8736 -101.4220 -103.2986 -103.6811 -104.5364 -105.9400 -106.2671 -107.3600 -108.3534 -108.2363 -109.7688 -109.2655 -109.9834 -110.2692 -109.6804 -110.4252 -109.7016 -109.6514 -109.8728 -108.9352 -109.5143 -109.0348 -108.7693
-99.7865 -99.0904 -98.4106 -98.7724 -97.3476 -97.3786 -96.8186 -95.5442 -96.0202 -94.4443 -94.5366 -94.2398 -93.2118 -94.0763 -93.0978 -93.5740 -94.0124 -93.5007 -94.8521 -94.5830 -95.1785 -96.2666 -95.7003 -97.3433 -96.9714 -97.5543 -98.3416 -97.8030 -98.8048 -98.7012 -98.4955 -99.7137 -98.6547 -100.0849 -99.7911 -100.1618 -101.2242 -101.0769 -102.1897 -103.1018 -103.0590 -105.2416 -104.7214 -106.6270 -107.0670 -107.6166 -108.9067 -108.9900 -109.5091 -110.5182 -109.4925 -111.1404 -109.7747 -110.5213 -110.1991 -109.6407 -109.9125 -109.4984 -108.8832 -109.8455
-100.1562 -97.8044 -99.7135 -97.4496 -98.2430 -97.2179 -96.7166 -96.1497 -95.9451 -94.3189 -95.5375 -92.9082 -94.6846 -92.7191 -93.5720 -93.2256 -93.3019 -93.4918 -94.3887 -93.5761 -95.9907 -94.3682 -97.0038 -96.1165 -97.4594 -97.8386 -98.2476 -98.5334 -99.6302 -98.4860 -100.7546 -98.8026 -100.9012 -97.0915 -97.2364 -97.6282 -98.1965 -98.6530 -102.9109 -101.9032 -104.6843 -103.3207 -105.8249 -105.6264 -106.7760 -107.6403 -108.3356 -108.5703 -110.2568 -108.9243 -111.3783 -109.5682 -111.1533 -110.3551 -110.3944 -110.3493 -110.1614 -109.3166 -110.3940 -108.2761
-98.0247 -99.2943 -98.1550 -98.0748 -97.9354 -97.2188 -96.6810 -96.8588 -94.9263 -96.2319 -93.7564 -94.8731 -93.4591 -93.4649 -93.3411 -93.1056 -92.9076 -93.9596 -92.7013 -95.1265 -93.5870 -95.8840 -95.4700 -96.5707 -97.2563 -97.9066 -98.1547 -99.7544 -98.5594 -101.1111 -99.3343 -101.3904 -100.5381 -101.2291 -101.3820 -101.6838 -98.3407 -99.0686 -97.2121 -100.2386 -98.9687 -101.7210 -101.6496 -105.7365 -106.4020 -107.2864 -107.4685 -109.3754 -108.1359 -110.8906 -109.1294 -111.1789 -110.2907 -110.8051 -110.6911 -110.7075 -109.9310 -110.9456 -108.8112 -110.7756
-98.1230 -98.9978 -97.3465 -98.5639 -97.1193 -97.3778 -96.9835 -96.1048 -96.1857 -95.3465 -94.7026 -94.9010 -93.3846 -94.1858 -92.9988 -93.2194 -93.4074 -92.7942 -93.9270 -93.5548 -94.3383 -95.1770 -95.1661 -96.7326 -96.8539 -97.7659 -98.9681 -98.6812 -100.5471 -99.9758 -101.1843 -101.4020 -101.4429 -102.2187 -102.0739 -102.2095 -103.0827 -102.0862 -100.9368 -99.0275 -99.6924 -98.9341 -99.9789 -101.2404 -102.1928 -103.0865 -105.0332 -107.3155 -109.6944 -108.5331 -110.4583 -109.9688 -110.6166 -110.7855 -110.8546 -110.4971 -111.2497 -109.6119 -111.2126 -109.0471
-97.8758 -96.4068 -97.5050 -97.2553 -97.4027 -97.0428 -96.7728 -96.2079 -96.3948 -94.9797 -95.8542 -93.9816 -94.8632 -93.5276 -93.7638 -93.3824 -93.2703 -93.2510 -93.7349 -93.3182 -94.8260 -94.0998 -95.9928 -95.7674 -97.1055 -97.8113 -98.4608 -99.4982 -100.1837 -100.5839 -101.8446 -101.4206 -102.8347 -102.3693 -103.0590 -103.2996 -103.0730 -103.8188 -103.4750 -103.9123 -101.4691 -100.5323 -100.6719 -99.6480 -99.9817 -101.2603 -101.7608 -103.8244 -104.0317 -105.8924 -106.5396 -109.8410 -110.4689 -110.4962 -110.7336 -111.1491 -110.3472 -111.3628 -109.9182 -110.8436
-96.2779 -96.1492 -96.3800 -96.1000 -97.1111 -96.7079 -96.4734 -96.4744 -95.7365 -95.9512 -95.0991 -95.0909 -94.5657 -94.2129 -94.0191 -93.7246 -93.5055 -93.7813 -93.3461 -94.2591 -93.8901 -95.0242 -95.1674 -96.1328 -96.8387 -97.6980 -98.5005 -99.5980 -99.9925 -101.4152 -101.3741 -102.7308 -102.6496 -103.4636 -103.6261 -103.8781 -104.1071 -104.2677 -104.1888 -104.6935 -104.2730 -105.0634 -101.9298 -101.7977 -101.1198 -100.5089 -100.2775 -100.7682 -102.0549 -103.2289 -104.1830 -105.6365 -106.3238 -107.5134 -110.6462 -110.6512 -111.1501 -110.6306 -111.0453 -110.5042
-95.3896 -95.3201 -95.3606 -95.5211 -95.6723 -96.4203 -96.2649 -96.0968 -95.9094 -95.6974 -95.4458 -95.1931 -94.9001 -94.6400 -94.3770 -94.1715 -94.0287 -93.9612 -94.0143 -94.1659 -94.4579 -94.8729 -95.4090 -96.0697 -96.8167 -97.6461 -98.5292 -99.4182 -100.3277 -101.1677 -101.9830 -102.6872 -103.3160 -103.8290 -104.2379 -104.5434 -104.7622 -104.8925 -104.9935 -105.0285 -105.0973 -105.1425 -105.2583 -105.4056 -102.7553 -102.2016 -101.6183 -101.0511 -100.5707 -100.7272 -101.8343 -102.9566 -104.1161 -105.2219 -106.2673 -107.2118 -108.0131 -110.9494 -110.9683 -110.9071
-94.3116 -94.5512 -94.4663 -94.7060 -95.0419 -95.1987 -95.8872 -95.9874 -95.4781 -95.9684 -95.1316 -95.6894 -94.9174 -95.1610 -94.7569 -94.6675 -94.5492 -94.5196 -94.3792 -94.8227 -94.5474 -95.4850 -95.3485 -96.4137 -96.8067 -97.6481 -98.6352 -99.2622 -100.4592 -101.1503 -102.0689 -102.9614 -103.4562 -104.2966 -104.6390 -104.9943 -105.5119 -105.2238 -105.9189 -105.3008 -105.8743 -105.4255 -105.6691 -105.6087 -105.7085 -105.8263 -103.1925 -102.2567 -102.1706 -100.9196 -101.1420 -100.3780 -101.8831 -102.7283 -103.8956 -105.0879 -105.9918 -107.0053 -107.8886 -110.9061
-93.3159 -94.2145 -93.1687 -94.5244 -94.0145 -94.7672 -95.6978 -95.2537 -95.8468 -95.1740 -95.6648 -95.3905 -95.2956 -95.4853 -95.1060 -95.1886 -95.2810 -94.6875 -95.6729 -94.5038 -96.0468 -95.0470 -96.4339 -96.2806 -97.1788 -97.8192 -98.5995 -99.3274 -100.6020 -100.7891 -102.6614 -102.3750 -104.2116 -104.0800 -105.0683 -105.5562 -105.4785 -106.3595 -105.7804 -106.3764 -106.0518 -105.9872 -106.1174 -105.7781 -105.8833 -106.0759 -105.6036 -106.7547 -102.4874 -103.2465 -101.3252 -101.7717 -100.6719 -100.8014 -101.7129 -102.7377 -103.7249 -105.1497 -105.5018 -107.3893
-94.1516 -92.3286 -93.8017 -93.1276 -93.9724 -94.1628 -94.5105 -95.0860 -95.5656 -94.7201 -96.1186 -94.5948 -96.3191 -94.9510 -95.9680 -95.6155 -95.4305 -96.1422 -95.2746 -96.2824 -95.7580 -96.2995 -96.6601 -96.7849 -97.5953 -98.1271 -98.4597 -100.1392 -99.5348 -102.2013 -101.1348 -103.7763 -103.1615 -104.7980 -105.0439 -105.5756 -106.1587 -106.3490 -106.3478 -106.9759 -106.0370 -107.0851 -105.8478 -106.5391 -106.0797 -105.7191 -106.5562 -105.3077 -106.9495 -105.7477 -103.6086 -102.2391 -101.9492 -101.3556 -101.0204 -100.7884 -102.2634 -102.1786 -104.7084 -103.9666
-93.3514 -92.4978 -93.5206 -92.6430 -93.9451 -93.7000 -93.9716 -95.4887 -94.1192 -96.0728 -94.1784 -96.2742 -94.9089 -96.1339 -95.7745 -96.0823 -96.2100 -96.4603 -96.1198 -97.1765 -95.9762 -97.8309 -96.4166 -98.1680 -97.7002 -98.4009 -99.5144 -99.0654 -101.2877 -100.5173 -102.6924 -102.5433 -103.8581 -104.4618 -105.1076 -105.6414 -106.4985 -105.9737 -107.6432 -105.8846 -108.0114 -105.8977 -107.4440 -106.1759 -106.3884 -106.4700 -105.6111 -106.4961 -105.6280 -106.3455 -106.3575 -103.4394 -103.2294 -102.2378 -101.7262 -101.7323 -100.4635 -102.3473 -101.0460 -104.2153
-92.2447 -94.3025 -92.0485 -94.0244 -93.0291 -93.8684 -94.1118 -94.4812 -94.9894 -94.7171 -94.9676 -95.5291 -95.1631 -96.2511 -95.8569 -96.4564 -96.9811 -96.2660 -98.0908 -96.1968 -98.7223 -96.6976 -98.8189 -97.7858 -98.8277 -99.0929 -99.3570 -100.2511 -100.6758 -101.2453 -102.4834 -102.3955 -104.1456 -103.9833 -106.1772 -107.1308 -106.9226 -108.6057 -106.5805 -108.2504 -106.1096 -107.9719 -106.4859 -107.0893 -106.6217 -106.3060 -106.2964 -106.0923 -105.7207 -106.4106 -105.4784 -106.8877 -106.0957 -103.7039 -102.9670 -101.7888 -102.5783 -100.4383 -102.6075 -100.8953
-94.4537 -93.5245 -93.6152 -93.7232 -93.5848 -93.9366 -94.1160 -94.2820 -95.2459 -93.7951 -95.9147 -94.0876 -96.4419 -95.1729 -96.6646 -96.6456 -96.8014 -97.9141 -97.1797 -98.6068 -97.9060 -98.8295 -98.7698 -99.0598 -99.4597 -99.7621 -99.8908 -101.0325 -100.3370 -102.5521 -101.2322 -103.8674 -102.7893 -105.9831 -106.6785 -107.7572 -109.0730 -108.0101 -109.0666 -107.3393 -107.7222 -107.0183 -107.3127 -107.0782 -106.8604 -106.5176 -106.6857 -105.6178 -106.7498 -104.9870 -106.8196 -105.1695 -106.7906 -106.2737 -103.7789 -103.7658 -102.0717 -103.0226 -101.0568 -102.4769
-95.8590 -93.8440 -95.2041 -93.6481 -94.6710 -94.0954 -94.0778 -95.1117 -93.9984 -95.2780 -94.1388 -95.5874 -95.0603 -96.0769 -96.2895 -96.8680 -97.3527 -97.9564 -98.0540 -99.1117 -98.5425 -99.9926 -99.1321 -100.3971 -100.0285 -100.4478 -101.1756 -100.5470 -102.3315 -101.1168 -103.2902 -102.3056 -105.0832 -105.8390 -107.8498 -109.2499 -109.7212 -109.8267 -109.0455 -108.2314 -107.4211 -106.9933 -107.5778 -106.9967 -107.0374 -107.0250 -106.0716 -107.0072 -105.2146 -106.8235 -104.9579 -106.5139 -105.4770 -106.3524 -106.5797 -106.6982 -104.1781 -102.8461 -103.0426 -102.3480
-95.8798 -96.2446 -95.1513 -95.4162 -94.8973 -94.8367 -95.2951 -94.9250 -94.6546 -94.8194 -94.5480 -95.3244 -95.0854 -96.1363 -96.2324 -97.0046 -97.7456 -97.8379 -99.2397 -98.6775 -100.3655 -99.5813 -100.9872 -100.5251 -101.2422 -101.4024 -101.4406 -102.1184 -101.8700 -102.6950 -102.6329 -103.2861 -104.9523 -106.6139 -108.5537 -110.1377 -110.6367 -110.6921 -109.1059 -108.9407 -107.3016 -107.6098 -106.8493 -107.3916 -107.0642 -106.7161 -107.0449 -105.9432 -106.7504 -105.4368 -106.3030 -105.4010 -105.9921 -105.8368 -106.1451 -106.6237 -106.9379 -104.3063 -103.9347 -103.7113
-97.5110 -97.2276 -96.4943 -96.3887 -95.8060 -95.5991 -95.7954 -95.1897 -95.2024 -94.6458 -95.1774 -94.8493 -95.6553 -95.7316 -96.5311 -97.0627 -97.6788 -98.5350 -98.9511 -99.8748 -100.1830 -100.9289 -101.2199 -101.6857 -101.9684 -102.2349 -102.4413 -102.6954 -102.7641 -103.1580 -103.1234 -103.6663 -105.0908 -106.9188 -108.6522 -110.1568 -110.9270 -110.1746 -109.5419 -107.9648 -107.7679 -106.6496 -107.1512 -106.9592 -107.0122 -106.9644 -106.6207 -106.6716 -106.1595 -106.2159 -105.8080 -105.8358 -105.7064 -105.7895 -105.9493 -106.2485 -106.5894 -107.2241 -107.6285 -105.2180
-98.7074 -98.4175 -97.7037 -97.4192 -96.8299 -97.0125 -96.3836 -95.8147 -95.5343 -95.2026 -95.2586 -95.2728 -95.6082 -95.9794 -96.5296 -97.1592 -97.8653 -98.5870 -99.3827 -100.0369 -100.8297 -101.3295 -102.0032 -102.3569 -102.8052 -103.0867 -103.2633 -103.5533 -103.5073 -103.8420 -103.7092 -104.0669 -105.2379 -106.6682 -108.1080 -109.3381 -109.8809 -109.3260 -108.5721 -107.4635 -106.3242 -106.4034 -106.6915 -106.7391 -106.8035 -106.7878 -106.6704 -106.5599 -106.3669 -106.1760 -106.0208 -105.8349 -105.7921 -105.7499 -105.8449 -106.0780 -106.3071 -106.8692 -107.2283 -108.0530
-99.8739 -99.3667 -98.8309 -98.4344 -98.3828 -97.7594 -97.1260 -96.4267 -96.2972 -95.5312 -95.9875 -95.3321 -96.1881 -95.9439 -96.8364 -97.2711 -97.8541 -99.0246 -99.1542 -100.8193 -100.6216 -102.3110 -102.0947 -103.3094 -103.3788 -103.8199 -104.2996 -103.9998 -104.7744 -104.0618 -104.8600 -104.1760 -105.6068 -106.0647 -107.2163 -108.0281 -108.1667 -108.0570 -107.1706 -106.7353 -105.7248 -105.9967 -106.2177 -106.3313 -106.4699 -106.5668 -106.4082 -106.6437 -106.1150 -106.5212 -105.7910 -106.2315 -105.6643 -105.9154 -105.8959 -105.8049 -106.5272 -106.1437 -107.4880 -107.0767
-101.3755 -99.4179 -101.1648 -99.2245 -99.5347 -98.3841 -97.7436 -97.7181 -96.2588 -97.2273 -95.4951 -96.9555 -95.6633 -97.0095 -96.7045 -97.5191 -98.3350 -98.5527 -100.1706 -100.0398 -101.8686 -101.7507 -103.2218 -103.3568 -104.1739 -104.5518 -104.7693 -105.1744 -105.0822 -105.2723 -105.1714 -105.0708 -105.0820 -105.8130 -106.3600 -106.7428 -106.6296 -106.7862 -105.7676 -105.5448 -104.8261 -105.9128 -105.3284 -106.0613 -106.0065 -105.9474 -106.6313 -105.6759 -106.9592 -105.4424 -106.8593 -105.4338 -106.4037 -105.7456 -105.8682 -106.3568 -105.6330 -107.1694 -106.0216 -108.0797
-101.1038 -101.8453 -100.4217 -100.6993 -99.6472 -99.3238 -98.7625 -98.0500 -97.8605 -97.1644 -97.1528 -96.8293 -96.9055 -97.0699 -97.3255 -97.8163 -98.4515 -98.9616 -100.1077 -100.3974 -101.9476 -102.0102 -103.5771 -103.6530 -104.7004 -105.1261 -105.2242 -106.1988 -105.2717 -106.6785 -105.1040 -106.4999 -104.9877 -105.7866 -105.0742 -105.7315 -106.2722 -104.8408 -105.6632 -103.7627 -105.8410 -104.0994 -105.7796 -104.9484 -105.5131 -105.9817 -105.1947 -106.8016 -105.0187 -107.1169 -105.1239 -106.8746 -105.5343 -106.2886 -106.1652 -105.7520 -106.8878 -105.6718 -107.6119 -106.2997
-100.9460 -102.2948 -100.4321 -101.4616 -100.0197 -100.1189 -99.6758 -98.5817 -99.3299 -97.2999 -98.9365 -96.6974 -98.5394 -97.0149 -98.2954 -98.2204 -98.4352 -100.0233 -99.1680 -101.9854 -100.5678 -103.6803 -102.4959 -104.8351 -104.6038 -105.3994 -106.4272 -105.5190 -107.5415 -105.4363 -107.7196 -105.3678 -107.0228 -105.4157 -105.7869 -105.5483 -104.5015 -105.6505 -103.6317 -105.6109 -103.4518 -105.3979 -103.9584 -105.0862 -104.8953 -104.8229 -105.8765 -104.7549 -106.5521 -104.9572 -106.7488 -105.4018 -106.5286 -105.9818 -106.1480 -106.5781 -105.9428 -107.1311 -106.1900 -107.6764
-102.7003 -100.5148 -102.3373 -100.4476 -101.3889 -100.4566 -100.0834 -100.3595 -98.7969 -100.0476 -97.9189 -99.5567 -97.7230 -99.0763 -98.2872 -98.8883 -99.4890 -99.2560 -101.0664 -100.3080 -102.7142 -101.9644 -104.1747 -103.9391 -105.2931 -105.8203 -106.0240 -107.2012 -106.4005 -107.8122 -106.4887 -107.6060 -106.3537 -106.7646 -106.0484 -105.6287 -105.6243 -104.5783 -105.1493 -103.9099 -104.7150 -103.7546 -104.4229 -104.0625 -104.3539 -104.6508 -104.5350 -105.2922 -104.9243 -105.8048 -105.4239 -106.1124 -105.9220 -106.2561 -106.3450 -106.3628 -106.6965 -106.5871 -107.0631 -107.0532
-101.7670 -101.3239 -101.7004 -101.2629 -101.4017 -101.0937 -100.8723 -100.7707 -100.2174 -100.3236 -99.6177 -99.8634 -99.2757 -99.5606 -99.3554 -99.5997 -99.9340 -100.1197 -100.9795 -101.1603 -102.3581 -102.6318 -103.8675 -104.3208 -105.2848 -105.9355 -106.4139 -107.1784 -107.1224 -107.8268 -107.3594 -107.7957 -107.1561 -107.1631 -106.6109 -106.1479 -105.8659 -105.0472 -105.0811 -104.1515 -104.4077 -103.6652 -103.9658 -103.6568 -103.8267 -104.0544 -104.0025 -104.6857 -104.4464 -105.3481 -105.0664 -105.8823 -105.7500 -106.2268 -106.3973 -106.4327 -106.9519 -106.6372 -107.4199 -107.0057
-100.6165 -102.2911 -100.7807 -102.1481 -101.1871 -101.6534 -101.5977 -100.9467 -101.7841 -100.2657 -101.6279 -99.8574 -101.1820 -99.8938 -100.6666 -100.4215 -100.3962 -101.3611 -100.6622 -102.5492 -101.6134 -103.7987 -103.1821 -104.9536 -105.0848 -105.9153 -106.9015 -106.6384 -108.2067 -107.1061 -108.7056 -107.3043 -108.3280 -107.2124 -107.2464 -106.8175 -105.8140 -106.1434 -104.4474 -105.2779 -103.4956 -104.3781 -103.1422 -103.6440 -103.3718 -103.2643 -104.0054 -103.3554 -104.7876 -103.9163 -105.4880 -104.8235 -105.9793 -105.8700 -106.2684 -106.8377 -106.4724 -107.5753 -106.7580 -108.0522
