src/uuv_eskf_nav/gazebo_terrain.asc
ncols        257
nrows        257
xllcorner    -500.0
yllcorner    -500.0
cellsize     3.906250
NODATA_value -9999
[rows 104 to 129 of 257, columns 180 to 239 of 257]
-101.3645 -99.6818 -99.4572 -99.1897 -101.0464 -102.4325 -103.5176 -101.1781 -99.2710 -100.7757 -100.8183 -102.3370 -102.5021 -102.1369 -102.1345 -101.7416 -100.1862 -95.9583 -96.1190 -97.6350 -99.7284 -102.1307 -100.9299 -99.5173 -97.8351 -97.2604 -94.8959 -94.2518 -97.9763 -100.9258 -104.6850 -104.4486 -101.2385 -98.3951 -97.0248 -96.9382 -95.9488 -99.3469 -102.7001 -104.6799 -104.7860 -99.9542 -95.9345 -94.1814 -95.8234 -97.0166 -99.4891 -102.1828 -103.0678 -105.1036 -101.3689 -97.1940 -96.7772 -99.4897 -103.1742 -104.4823 -107.6924 -108.3261 -106.5740 -104.2081
-101.0474 -101.0502 -98.9241 -98.9090 -99.9227 -102.5005 -102.2277 -102.3387 -100.4435 -98.6004 -101.6076 -102.1003 -102.5315 -102.6235 -103.0450 -102.6794 -100.4762 -99.2227 -95.5473 -96.9219 -100.6013 -101.4620 -101.9495 -100.2822 -99.2335 -96.6882 -95.7806 -95.0208 -94.9059 -100.7927 -103.8669 -104.2752 -102.3004 -99.3143 -97.4163 -95.8628 -97.5151 -97.6496 -101.2900 -105.8563 -104.5885 -101.6055 -96.9570 -94.9753 -94.4462 -96.6364 -99.6208 -99.2203 -103.2287 -105.1797 -101.2336 -97.7316 -96.1800 -98.3645 -100.8556 -105.1392 -106.0893 -107.3105 -108.4559 -103.9657
-100.4293 -100.3673 -100.2775 -98.6994 -99.1912 -100.7560 -103.6367 -101.5881 -100.3636 -100.2936 -99.2123 -102.2426 -103.0489 -103.0089 -102.8348 -103.5243 -102.9677 -98.5593 -97.9594 -97.0739 -98.7857 -102.7150 -102.5016 -101.3270 -99.1290 -98.7664 -95.8773 -93.8487 -96.2290 -97.8218 -102.8919 -105.0103 -102.7749 -99.6579 -97.4286 -97.4402 -95.3730 -97.8654 -101.3124 -103.5520 -106.2712 -102.8527 -98.1723 -94.6899 -95.2097 -96.3482 -97.1172 -100.4765 -101.0788 -102.8410 -102.8461 -97.6860 -95.6148 -96.6784 -101.1570 -102.6138 -105.2840 -108.3338 -106.6292 -105.5355
-101.6172 -100.8260 -99.8152 -99.2519 -98.9802 -100.5220 -101.4065 -103.5404 -100.7982 -98.6283 -100.5420 -100.8359 -102.7582 -103.2886 -103.7999 -103.5564 -102.9315 -102.2580 -97.2975 -97.2753 -99.8016 -101.4576 -103.4416 -102.2763 -100.9567 -98.0878 -97.1502 -95.5302 -93.3679 -98.0410 -101.7906 -103.9781 -103.5529 -100.5311 -98.1144 -95.7718 -97.1428 -96.7903 -98.9861 -104.7459 -105.5062 -103.9552 -99.4335 -96.1026 -94.5695 -95.3202 -98.7151 -99.3159 -100.7728 -103.5000 -102.2392 -98.5376 -95.3550 -96.5294 -98.4081 -102.4464 -105.3069 -105.4604 -108.1659 -105.8082
-100.1062 -101.1140 -100.8240 -99.4730 -98.7012 -99.6711 -102.2887 -101.7301 -101.9810 -100.0016 -98.2398 -101.0824 -102.4414 -103.3637 -103.3176 -104.4077 -104.3910 -101.4846 -100.3561 -97.5278 -98.3509 -102.4196 -103.6685 -103.3555 -101.1403 -100.3558 -97.5065 -94.8571 -95.3717 -95.6147 -100.4148 -104.2542 -103.6899 -100.9311 -97.8965 -97.4181 -95.3095 -96.3845 -99.5819 -102.0180 -106.1136 -105.0733 -100.7124 -96.2745 -95.0330 -96.2917 -96.2295 -100.1299 -100.4661 -101.5866 -103.8341 -99.0729 -95.5370 -94.8487 -98.4859 -101.4166 -102.7627 -106.7683 -106.8756 -105.5887
-102.0362 -100.6152 -100.8505 -100.2464 -99.3133 -99.2660 -100.7453 -103.3190 -101.5015 -99.8433 -99.3911 -99.3632 -101.9495 -103.2548 -103.9758 -103.8853 -104.4304 -104.1397 -99.9454 -98.5035 -99.0987 -101.1821 -104.2239 -104.2513 -102.9248 -100.1816 -98.8548 -96.7338 -93.7151 -95.9352 -99.4671 -102.9389 -104.0680 -101.6233 -98.7648 -96.0232 -96.3166 -96.1018 -97.1625 -102.3980 -105.3188 -105.4044 -101.8568 -97.6093 -95.4018 -95.0051 -97.6969 -98.9322 -99.1894 -102.3982 -101.9129 -99.8919 -95.6876 -95.1216 -96.9781 -99.8220 -103.6111 -104.5397 -106.4749 -106.5820
-101.4805 -101.4951 -101.1383 -100.6932 -99.5932 -99.4996 -100.7880 -101.9995 -102.8449 -100.4987 -98.4866 -99.4226 -101.0919 -102.9373 -103.5475 -104.4145 -104.7774 -103.8502 -102.2325 -98.8978 -98.5144 -101.4773 -104.1389 -105.0686 -103.5534 -102.0225 -99.5802 -96.9166 -95.4198 -94.8032 -98.2712 -102.6941 -104.0194 -102.1155 -98.7517 -97.0412 -95.4355 -95.3219 -97.3963 -100.3616 -104.7724 -105.9818 -102.8649 -98.2857 -95.5481 -96.0020 -96.5272 -98.7451 -99.5991 -100.9402 -102.4351 -100.8934 -96.4028 -94.4681 -96.2959 -99.8186 -101.6287 -104.3527 -106.3520 -105.7382
-102.5569 -101.4833 -101.4456 -101.2522 -100.3578 -99.6050 -100.4538 -102.2980 -102.7241 -101.2155 -99.0434 -98.5871 -100.4162 -102.4640 -103.5660 -104.0573 -104.7949 -104.7674 -102.6256 -99.8587 -98.7935 -100.7818 -104.1122 -105.6554 -104.7939 -102.7350 -100.7429 -98.2953 -95.5604 -94.9953 -97.5826 -101.7568 -104.0485 -102.6642 -99.4528 -96.7493 -95.5508 -95.1534 -96.0609 -99.5748 -103.9079 -105.8593 -103.6513 -99.2171 -96.1467 -95.5887 -96.8128 -98.5908 -98.8191 -100.8184 -102.5117 -101.7913 -97.1157 -94.6830 -95.8862 -98.6931 -101.4507 -103.6106 -105.4524 -105.9756
-103.2606 -101.8075 -101.7827 -101.6914 -101.0761 -99.9935 -100.5246 -102.2711 -102.8238 -102.0574 -99.5449 -98.2057 -99.7552 -101.8842 -103.3620 -103.7805 -104.7373 -105.1251 -103.1443 -100.6970 -98.9690 -100.2445 -103.8394 -106.0160 -105.7739 -103.6470 -101.8261 -99.5046 -96.2297 -95.2723 -97.0877 -101.0167 -103.9915 -103.1861 -100.1325 -96.8572 -95.5197 -94.9887 -95.1507 -98.5305 -102.9636 -105.5519 -104.2186 -99.9802 -96.6911 -95.4938 -96.7457 -98.5707 -98.3535 -100.6797 -102.6576 -101.0743 -98.0438 -94.9852 -95.7526 -98.0471 -100.9560 -103.2392 -104.7697 -105.8528
-103.8217 -102.8895 -101.6916 -102.0751 -101.5970 -101.0932 -100.4081 -101.8579 -104.0299 -102.1633 -100.0623 -98.7274 -98.8998 -101.2677 -102.8073 -104.1323 -104.2592 -104.6722 -104.5993 -100.8088 -98.9088 -100.2605 -103.1944 -106.1294 -106.1704 -105.2192 -102.6212 -99.9675 -98.1363 -95.2783 -96.5071 -100.8531 -103.8312 -103.7463 -100.3747 -97.8824 -95.4643 -94.0852 -95.4479 -97.1926 -101.5968 -105.3929 -104.5760 -100.7318 -96.5507 -96.1713 -96.6425 -97.6378 -98.9159 -100.3153 -102.3790 -101.9420 -99.1560 -95.6926 -95.0731 -98.3558 -100.7447 -102.0498 -105.0919 -105.6101
-103.8959 -102.7560 -102.6653 -102.2582 -102.2922 -100.9867 -101.6210 -102.2395 -102.8530 -104.1904 -100.8355 -98.2119 -98.9860 -100.6788 -102.7605 -102.9704 -104.6636 -105.2695 -103.3474 -102.3412 -99.3501 -99.0408 -102.8548 -105.9914 -107.2259 -105.0311 -103.8808 -102.0249 -97.5915 -96.5250 -96.9296 -99.7677 -103.8597 -104.1917 -101.9241 -97.4308 -95.6342 -95.3313 -93.5955 -96.5695 -101.1783 -104.3099 -104.7322 -101.0263 -97.8793 -95.3475 -96.0811 -98.9359 -97.4953 -100.0547 -102.9837 -102.2534 -100.2213 -95.9403 -96.3063 -97.6618 -99.8008 -103.3565 -103.9912 -105.2106
-105.3253 -103.6931 -102.1271 -102.6448 -102.6783 -102.5617 -100.7670 -102.5760 -104.7464 -103.0341 -102.2112 -99.5400 -98.1413 -100.1883 -102.0742 -104.0079 -103.4134 -104.4606 -105.5135 -101.3305 -99.2900 -99.5606 -101.7361 -105.6092 -106.7987 -107.0411 -104.2419 -101.5673 -100.5976 -96.4568 -96.2800 -100.3280 -103.6744 -104.8834 -101.7313 -99.2744 -96.3017 -93.5329 -95.0104 -95.7836 -99.1793 -104.2371 -104.7519 -101.9337 -96.9676 -96.0182 -96.9596 -96.6698 -98.2752 -100.3572 -101.8250 -103.0360 -101.2686 -97.5821 -95.4572 -97.7158 -101.4583 -101.4826 -104.2205 -106.1729
-103.6731 -104.2028 -103.2110 -102.5159 -102.8755 -102.2942 -102.9918 -102.1122 -103.6470 -105.9470 -102.2722 -99.5671 -98.9424 -99.8162 -102.0054 -102.4877 -104.6095 -104.7338 -103.4203 -103.4118 -99.5389 -98.0930 -101.3804 -105.0638 -107.5969 -106.0051 -105.3875 -103.9331 -99.2478 -97.9717 -97.4081 -99.1644 -103.7629 -105.1829 -103.8392 -98.9748 -96.1528 -96.0182 -93.2861 -94.9294 -99.5879 -102.9654 -104.6748 -101.6489 -98.5422 -95.7421 -95.0333 -98.5900 -97.3571 -98.8844 -102.7152 -103.2020 -100.7517 -97.4810 -96.7713 -98.7274 -99.3778 -103.0623 -104.8008 -104.8343
-105.6423 -103.8414 -102.9077 -102.8482 -103.2597 -103.2644 -101.7416 -103.6909 -104.7832 -104.3708 -104.5661 -100.8020 -98.4736 -99.6201 -101.6361 -103.6890 -102.9505 -104.4357 -105.5095 -101.7923 -99.7501 -98.7178 -100.0877 -104.3082 -106.6517 -107.8136 -105.3834 -102.9491 -102.2925 -97.9837 -96.6932 -100.0186 -103.6341 -105.9613 -103.5577 -100.8435 -97.7973 -94.1076 -94.7680 -95.2860 -97.5291 -102.8498 -104.5564 -102.6901 -97.7535 -95.4227 -96.8438 -96.3835 -96.8623 -100.0041 -101.3524 -103.4339 -101.2131 -99.2768 -97.0462 -97.4555 -101.7756 -102.7259 -103.6142 -106.5664
-103.6614 -105.0571 -103.3036 -102.6007 -102.9431 -103.3466 -103.6221 -102.4535 -104.7942 -106.7698 -104.0790 -101.6621 -99.5146 -99.5595 -101.4838 -102.5818 -104.4856 -104.2417 -103.8070 -103.8192 -99.7227 -97.5363 -99.7017 -103.5280 -106.9420 -106.5127 -106.1404 -104.8937 -100.9042 -99.1559 -97.9551 -99.0779 -103.6819 -106.1324 -105.5710 -101.2006 -96.9521 -96.2331 -93.6117 -93.7545 -98.3024 -102.0215 -104.4730 -102.3082 -98.7762 -96.1706 -94.5966 -97.3105 -97.1485 -97.9937 -101.6026 -103.6222 -102.0090 -99.4802 -97.2155 -99.5358 -100.5806 -102.6464 -105.5924 -105.8301
-104.5500 -104.0927 -103.5161 -102.6883 -103.1296 -103.3320 -102.9246 -104.1014 -104.7495 -105.9909 -106.2330 -102.4531 -99.6606 -99.6605 -101.5212 -103.3911 -103.2898 -104.5735 -105.1276 -102.6011 -100.1839 -97.9334 -98.6044 -102.6269 -105.9216 -107.5240 -105.9519 -104.0086 -102.9458 -99.3018 -97.4051 -99.6735 -103.5797 -106.2582 -105.0031 -101.8905 -98.6671 -95.0701 -94.2993 -94.5522 -96.3619 -101.2050 -103.9003 -103.1754 -98.8107 -95.3444 -95.9568 -96.4430 -95.7286 -98.7010 -100.8255 -103.3302 -102.2036 -100.4653 -98.4350 -98.4292 -101.5049 -103.9881 -104.5545 -106.6620
-103.7463 -104.8033 -103.4062 -102.5059 -102.6980 -103.4779 -103.5158 -103.3046 -105.2611 -106.9461 -106.1443 -103.5950 -100.4993 -99.8522 -101.4443 -103.1093 -104.3102 -104.4005 -104.5840 -103.8198 -100.2157 -97.4236 -98.1629 -101.8099 -105.6395 -106.6307 -106.1811 -104.9002 -102.2759 -99.8620 -98.1233 -99.1649 -102.8959 -106.1742 -106.0528 -102.4999 -98.5460 -96.4901 -94.4654 -93.8722 -96.5883 -100.7522 -103.7705 -102.6509 -99.2907 -96.2203 -94.9554 -96.2163 -96.0953 -97.5017 -100.4282 -103.3042 -102.5456 -101.0770 -98.2678 -99.4885 -101.8415 -103.4852 -105.6871 -107.1538
-103.5664 -104.5693 -103.5364 -102.3845 -102.4629 -103.1893 -103.3962 -103.6115 -105.1280 -107.0222 -107.0036 -104.3337 -101.0775 -100.1152 -101.5773 -103.3917 -104.3311 -104.7455 -105.0101 -103.8905 -100.6163 -97.5019 -97.5708 -101.0256 -104.9403 -106.5360 -106.0334 -104.7043 -102.7062 -100.0446 -98.0595 -98.4926 -102.5088 -106.1630 -106.2924 -103.1218 -99.3411 -96.6745 -94.7952 -94.1735 -96.2353 -100.4595 -103.7130 -103.0076 -99.1695 -95.7745 -95.1817 -96.0631 -95.4535 -97.1728 -100.0133 -102.9592 -102.6111 -99.7512 -98.8343 -99.5297 -102.0119 -104.1153 -105.8933 -107.5432
-103.1990 -104.3622 -103.7894 -102.2355 -102.1996 -102.6580 -103.2967 -103.8746 -104.6266 -107.1119 -107.7976 -104.7901 -101.6345 -100.3931 -101.8070 -103.6773 -104.2675 -105.3460 -105.5331 -103.8660 -101.1969 -97.7317 -97.0914 -100.3479 -104.2357 -106.5296 -105.7904 -104.2840 -103.1672 -100.1098 -97.1632 -98.2507 -102.0238 -106.0389 -106.3001 -103.4945 -100.2227 -96.7507 -94.9576 -94.7073 -95.9958 -100.2293 -103.7512 -103.4211 -99.7828 -95.6575 -95.4524 -96.3221 -94.7401 -96.7835 -99.7697 -102.5429 -102.5892 -99.7375 -99.3714 -99.7374 -101.7582 -104.7253 -106.3378 -107.6578
-103.8302 -104.7178 -103.3788 -102.2097 -101.7451 -102.8835 -102.7157 -102.9493 -105.5739 -106.8530 -107.3002 -105.9662 -102.1059 -100.6278 -101.6232 -103.7657 -105.5376 -104.9347 -105.5354 -105.4371 -101.1706 -97.6426 -97.1322 -99.8900 -104.0693 -105.4383 -105.8651 -105.0730 -102.0444 -99.6031 -97.6215 -97.3516 -101.4307 -105.4364 -106.7614 -104.0451 -99.4699 -97.7570 -95.7760 -93.9189 -96.3168 -100.4194 -103.9099 -103.7486 -99.7811 -96.9663 -95.0495 -95.4008 -95.4749 -96.5133 -98.8422 -102.3883 -102.4551 -100.2909 -99.0527 -99.3660 -103.0003 -104.3876 -106.0016 -108.7783
-102.5485 -104.8489 -104.2270 -102.0131 -101.5469 -101.6327 -103.2019 -103.4049 -103.5457 -107.4184 -108.3516 -105.2627 -102.5671 -100.8029 -102.1973 -103.9456 -104.5344 -106.6640 -106.3861 -104.3464 -102.5465 -98.3652 -96.6926 -99.4716 -103.2452 -106.4041 -105.3757 -103.5905 -103.5420 -99.4083 -96.2076 -97.3986 -100.8370 -105.3538 -106.0439 -103.5897 -101.3342 -97.1988 -94.9824 -95.5493 -96.1619 -100.0771 -104.1520 -104.2774 -101.3792 -96.3295 -95.0466 -95.2175 -94.3866 -95.7510 -99.4440 -101.9472 -102.4560 -99.5340 -99.4669 -100.5539 -101.4442 -104.5399 -107.5017 -108.1011
-104.7258 -104.6409 -103.8234 -102.3095 -101.3749 -102.2426 -101.5337 -102.7049 -105.3217 -105.8654 -107.5355 -106.7580 -102.4617 -100.8544 -101.5458 -104.2498 -106.3048 -105.2576 -106.5966 -106.8171 -101.9661 -98.3482 -97.2583 -99.4259 -103.5912 -104.8095 -105.7418 -105.2217 -101.0086 -99.1279 -97.2488 -96.1839 -100.1279 -104.3653 -106.4107 -104.4818 -99.4283 -98.0060 -96.7445 -94.1129 -96.3801 -100.8710 -104.5293 -105.0406 -100.8056 -98.0707 -96.5387 -93.3141 -95.2329 -96.8025 -98.2716 -101.8106 -102.1196 -100.2539 -99.7567 -98.6946 -102.7773 -105.3934 -105.7063 -108.8747
-103.2070 -106.1343 -104.6209 -102.1963 -101.0942 -101.1721 -102.8888 -102.1828 -102.9496 -107.4016 -107.8255 -105.3562 -102.9245 -100.8000 -102.1942 -103.8374 -105.0528 -107.6632 -107.0261 -105.3459 -103.8752 -99.1658 -96.9662 -99.3134 -102.9788 -106.4066 -105.3080 -103.3617 -102.9530 -99.1325 -95.4057 -96.3651 -99.6332 -104.3778 -105.5916 -103.2242 -101.5681 -97.8021 -95.0106 -95.9457 -96.8612 -100.4562 -104.9757 -105.3587 -103.0406 -98.1664 -95.5881 -95.8918 -95.4057 -95.3424 -99.1992 -101.8788 -102.3442 -99.6606 -98.9337 -100.6771 -102.0848 -103.5800 -107.4706 -108.9792
-105.3894 -105.3368 -105.0255 -102.7368 -101.4358 -101.5092 -100.9366 -102.6604 -104.2607 -105.0901 -107.6534 -106.4904 -102.2410 -100.6098 -101.2977 -104.3888 -106.3471 -105.8029 -107.6766 -107.6667 -102.9945 -99.3459 -97.7589 -99.6156 -103.6343 -104.9967 -105.8986 -105.2959 -101.0152 -98.7708 -96.6814 -95.3744 -99.0451 -103.4505 -105.6953 -104.4135 -99.6467 -97.8373 -97.2359 -94.8738 -96.6534 -101.5509 -105.5277 -106.5910 -102.5805 -99.1717 -98.3198 -94.7036 -95.2541 -97.3073 -98.8232 -101.7145 -102.1139 -99.8303 -98.5815 -98.9904 -101.6051 -105.6008 -106.2127 -108.1658
-105.2984 -107.3939 -105.3994 -102.9525 -101.2672 -101.3673 -102.2321 -101.3661 -103.0431 -106.7317 -107.0173 -105.2928 -102.5251 -100.3168 -101.6262 -103.5149 -105.4857 -107.8275 -107.5062 -106.5733 -104.7197 -99.9300 -97.6945 -99.7832 -103.4592 -106.6057 -105.7757 -103.9150 -102.7870 -99.0947 -95.2400 -95.6037 -98.8511 -103.5875 -105.2866 -103.0805 -101.2059 -98.3367 -95.5851 -96.0574 -97.6730 -101.4192 -106.1330 -106.8132 -104.4475 -100.4265 -97.3509 -96.4370 -96.8338 -96.3131 -99.3761 -102.3187 -102.4611 -100.0899 -97.2596 -99.9361 -102.6591 -103.6379 -106.3314 -109.1379
-106.3390 -107.2352 -106.4324 -103.5479 -101.8688 -101.3824 -101.3028 -102.3542 -103.3193 -105.1997 -107.3661 -105.5760 -101.7179 -99.9408 -100.8699 -103.8818 -105.8316 -106.4647 -108.1899 -107.8663 -104.0492 -100.2021 -98.3566 -100.2549 -104.1514 -105.9925 -106.4209 -105.4348 -101.8595 -98.9575 -96.2603 -95.2476 -98.6667 -103.1832 -105.2823 -104.0717 -100.2831 -98.0073 -97.2283 -95.9163 -97.4722 -102.3649 -106.7819 -108.0192 -104.7249 -100.7917 -99.6804 -97.0875 -96.7160 -98.0477 -100.1300 -102.5876 -102.8923 -100.1907 -98.5778 -99.8902 -101.4496 -104.6334 -106.5477 -108.0160
