src/uuv_eskf_nav/gazebo_terrain.asc
ncols        257
nrows        257
xllcorner    -500.0
yllcorner    -500.0
cellsize     3.906250
NODATA_value -9999
[rows 130 to 155 of 257, columns 120 to 179 of 257]
-117.2599 -120.4892 -122.4125 -121.8820 -119.9722 -117.4798 -115.5791 -114.9112 -114.5686 -114.5925 -115.3525 -116.7191 -119.0637 -121.0922 -121.0258 -119.0479 -115.8529 -113.0564 -112.3255 -113.4625 -116.1911 -119.2949 -120.3308 -119.0953 -116.6480 -114.1191 -113.3458 -114.6846 -117.4386 -120.5972 -121.7606 -120.1850 -117.2950 -114.0756 -112.1110 -112.4778 -114.3124 -116.4792 -117.0605 -114.8805 -111.4092 -107.8983 -105.4823 -105.6952 -107.8503 -110.2980 -111.5428 -110.2516 -107.4377 -104.7283 -102.9399 -103.5812 -106.4309 -109.3221 -110.8779 -110.0610 -107.2741 -104.4054 -102.4445 -102.5896
-115.7373 -118.8805 -120.9123 -121.4662 -120.6069 -118.6169 -116.7994 -115.6164 -115.2002 -115.7938 -116.8160 -118.4096 -120.5154 -121.4508 -120.5218 -118.1253 -114.9390 -112.6824 -112.2874 -113.7081 -116.6976 -119.2590 -119.6385 -118.1875 -115.5615 -113.1726 -112.6960 -114.2464 -117.3536 -120.4239 -121.2216 -119.7558 -116.9849 -113.8824 -112.3466 -113.0418 -115.1467 -117.3813 -117.6654 -115.4693 -112.0802 -108.4356 -106.1718 -106.5811 -108.6988 -111.0531 -112.0003 -110.5135 -107.7286 -104.8896 -103.1673 -104.1005 -106.9864 -109.8516 -111.3727 -110.4802 -107.7858 -104.9572 -103.0690 -103.4938
-113.6850 -116.3759 -119.5934 -120.5037 -120.5190 -119.8951 -118.5759 -117.9667 -117.3303 -117.4948 -119.4296 -120.5072 -120.8228 -121.2326 -119.6423 -116.7271 -113.9768 -111.9734 -112.7402 -115.0467 -116.8746 -119.0639 -119.5720 -117.0496 -114.2225 -112.1872 -112.0569 -114.5066 -117.1297 -119.5929 -121.1978 -119.2536 -115.8335 -113.6249 -112.5577 -113.7131 -116.0617 -117.6746 -118.5299 -116.5300 -112.0027 -108.8964 -107.4546 -107.5288 -109.7555 -111.7844 -112.5416 -111.4420 -107.6458 -104.5877 -104.1040 -104.6989 -107.1970 -110.4660 -111.7367 -111.0344 -108.1139 -104.7337 -104.0306 -104.7617
-113.2910 -113.6346 -116.3912 -119.3378 -119.7903 -120.0371 -119.7600 -119.3886 -120.1561 -119.7419 -119.7974 -121.6773 -121.2641 -119.2638 -117.6978 -115.0729 -113.1389 -112.5504 -112.7457 -115.8819 -118.9406 -118.7296 -118.0988 -116.4298 -113.1027 -111.4627 -111.5753 -113.8650 -118.0761 -119.6555 -119.2027 -118.6627 -115.6634 -112.6476 -112.5652 -114.0091 -117.0463 -119.1967 -118.0684 -116.4855 -113.6708 -109.1592 -107.7227 -109.1071 -111.0303 -113.2646 -113.0441 -110.9511 -108.9261 -105.3075 -103.2721 -105.6120 -108.4547 -110.7617 -112.1141 -110.6258 -108.4730 -105.9754 -103.4545 -105.0280
-112.0554 -113.1621 -113.1879 -115.7017 -118.1892 -118.7867 -119.5824 -119.3437 -119.5723 -121.1338 -120.1549 -119.0145 -119.6473 -117.8044 -114.9522 -113.4031 -112.1389 -113.2536 -115.3244 -116.2107 -118.8121 -120.1721 -117.1478 -114.2490 -112.2368 -110.8147 -112.2272 -114.2312 -116.7261 -120.1839 -119.4879 -116.0203 -114.3968 -112.8401 -112.4959 -114.7929 -116.9928 -119.4806 -120.0647 -115.9919 -112.5107 -111.0005 -109.0997 -109.8388 -112.4656 -113.9999 -114.6960 -111.9969 -107.4455 -106.0464 -105.3956 -105.3364 -108.7636 -111.7711 -112.4132 -111.3548 -107.5924 -105.1908 -105.6587 -105.6509
-110.6174 -111.4987 -112.5105 -112.2961 -114.3234 -116.1024 -116.9950 -118.1602 -117.4481 -117.5083 -118.9880 -117.2059 -115.0174 -114.8941 -113.4202 -112.3123 -112.7437 -113.4807 -116.7136 -119.4389 -118.5373 -118.2096 -117.2478 -113.2814 -110.8492 -110.5974 -111.9427 -115.7787 -117.7701 -117.7407 -118.5603 -116.3810 -112.3294 -111.6888 -112.8396 -115.3029 -118.6399 -119.1310 -118.7326 -117.7514 -113.0669 -109.7391 -110.6244 -111.9098 -113.9578 -115.5069 -114.2597 -112.7871 -109.6803 -105.0684 -105.0884 -107.9208 -109.6496 -111.9175 -112.5450 -110.7040 -108.8034 -105.4698 -103.8250 -107.1959
-113.1464 -110.0023 -110.7954 -111.3534 -111.0408 -112.3689 -113.1679 -114.0922 -115.2542 -113.8899 -113.4126 -114.6023 -112.9929 -111.3383 -111.9476 -112.3758 -114.0282 -116.2071 -117.1377 -119.4960 -120.4762 -117.0621 -114.2679 -112.7154 -110.6770 -111.0592 -112.9057 -115.1524 -118.6540 -118.8108 -115.5900 -114.1509 -112.6950 -111.0671 -112.7613 -115.6033 -118.5109 -120.8139 -118.6729 -115.2209 -113.9193 -111.6542 -110.6015 -113.2138 -115.5718 -116.8979 -116.2302 -111.9912 -108.9663 -107.8958 -106.0836 -107.3644 -111.3148 -112.9885 -112.9538 -110.7948 -107.0191 -106.0180 -106.0681 -106.1165
-115.8146 -112.7819 -109.9351 -110.1410 -110.0730 -109.7375 -110.3160 -110.1231 -110.8050 -111.8529 -110.4176 -109.9323 -111.3935 -111.2745 -111.5476 -113.4668 -115.2512 -117.9899 -119.7909 -118.7258 -118.2091 -117.1008 -113.1731 -110.7396 -110.8136 -111.7855 -114.6129 -116.7728 -117.0960 -117.8045 -116.1130 -111.9244 -110.5728 -111.5326 -113.2320 -116.5669 -118.7357 -119.2297 -119.2095 -115.9284 -111.8886 -111.8089 -113.0739 -114.5565 -117.0558 -117.5817 -116.3269 -114.0819 -109.4216 -106.6571 -108.2551 -109.9148 -111.5575 -113.6039 -112.9743 -110.8102 -108.0785 -104.7606 -105.2157 -108.7414
-116.5090 -115.5385 -112.9351 -110.5201 -110.0082 -109.3744 -109.0521 -109.1253 -108.4203 -108.9277 -110.0975 -109.5594 -109.9051 -111.9955 -113.4733 -115.2612 -117.3221 -118.3639 -119.5599 -119.3235 -116.2522 -113.8547 -112.5722 -110.9112 -111.1236 -113.1731 -115.3761 -117.8559 -118.1612 -115.6139 -113.6761 -111.9756 -110.0023 -110.8693 -113.8893 -116.8834 -119.4902 -119.3372 -116.8041 -115.0822 -113.2111 -111.6612 -113.4644 -116.5594 -118.4611 -119.0469 -116.7442 -113.0723 -110.8490 -108.8423 -108.2478 -111.0976 -113.8243 -114.3288 -113.3341 -110.1980 -107.1378 -106.2459 -105.9810 -107.6420
-118.1145 -116.7155 -115.6478 -113.6518 -111.8242 -110.8715 -109.9979 -109.7370 -109.7305 -109.2985 -109.9210 -111.3192 -112.0279 -113.2605 -115.3245 -116.9453 -118.3214 -118.8550 -117.8748 -116.6950 -114.9980 -112.2742 -110.8423 -111.3579 -112.6687 -114.9136 -117.0175 -117.6681 -117.3617 -115.3975 -111.9480 -109.9996 -110.2418 -111.6682 -114.5289 -117.4578 -118.7889 -118.6949 -116.6047 -113.4047 -112.2033 -113.1062 -114.8589 -117.5850 -119.6350 -119.4012 -117.4473 -113.9173 -110.4090 -109.7027 -110.9795 -112.6362 -114.6616 -115.3088 -113.4661 -110.4952 -107.2300 -105.4054 -106.8105 -109.4724
-118.3195 -118.0217 -117.1924 -116.1109 -114.8185 -113.6434 -112.7464 -112.1132 -111.9095 -112.0400 -112.3767 -113.1617 -114.3066 -115.4553 -116.5666 -117.4280 -117.6592 -117.1817 -115.9107 -114.0158 -112.2539 -111.1747 -111.0478 -112.2100 -114.3639 -116.5846 -118.0302 -117.9493 -116.1704 -113.5281 -111.0379 -109.6351 -110.1890 -112.5394 -115.5160 -117.8775 -118.5599 -117.2864 -114.9889 -112.8941 -112.0894 -113.3488 -116.1620 -118.9908 -120.4850 -119.8210 -117.1816 -113.9415 -111.5385 -110.9047 -112.3178 -114.7006 -116.2729 -115.9755 -113.6614 -110.2030 -107.3189 -106.2660 -107.3261 -109.9462
-116.4345 -117.0068 -117.6690 -117.4687 -116.6100 -115.9918 -115.3033 -114.8121 -114.7829 -114.4692 -114.4370 -115.2963 -115.8517 -115.9631 -116.3113 -116.2144 -115.5159 -114.5273 -112.8024 -111.1882 -110.7772 -110.8802 -111.6496 -113.8328 -116.2689 -117.9186 -118.4793 -117.1506 -114.5975 -112.2826 -110.2746 -109.4392 -111.0393 -113.8869 -116.4490 -118.0719 -117.7090 -115.7534 -113.7640 -112.1354 -111.8618 -114.1497 -117.4954 -119.9638 -120.9485 -119.7045 -116.8167 -114.1509 -112.3281 -112.0988 -114.2142 -116.7418 -117.5790 -116.5997 -113.7906 -110.1408 -107.7182 -107.0160 -108.0879 -110.9358
-114.1410 -114.8864 -115.2902 -116.6142 -116.9207 -116.5088 -116.4128 -115.7805 -115.6053 -116.1990 -115.5186 -114.7276 -115.3648 -115.2706 -114.1815 -113.4350 -112.1801 -110.9629 -110.6370 -109.7172 -109.3390 -111.4490 -113.8595 -115.5256 -117.5182 -118.4300 -117.7090 -116.2841 -113.3148 -110.2307 -109.9061 -110.9712 -112.2635 -114.9347 -117.3184 -117.7610 -116.9775 -114.5142 -111.6222 -111.4559 -113.0763 -114.9189 -118.0369 -120.8115 -120.9872 -119.4589 -116.5548 -113.3954 -113.0211 -114.6036 -115.9396 -117.8310 -119.0437 -117.2790 -113.9573 -110.4243 -107.5870 -107.8858 -110.2749 -111.8180
-110.0331 -112.5986 -113.0004 -113.1828 -114.6273 -115.0763 -115.1578 -115.3911 -114.3265 -114.0038 -114.9432 -113.8642 -112.1162 -112.0926 -111.4860 -110.1328 -109.4646 -108.2906 -107.9692 -109.9161 -111.1383 -111.9499 -114.9877 -117.6559 -118.1841 -118.0333 -116.2675 -113.5132 -112.2260 -110.8111 -109.4270 -111.4477 -114.8727 -116.5756 -117.5953 -117.1977 -114.8776 -113.2477 -111.8806 -110.5083 -112.6167 -116.9688 -119.4309 -120.5986 -120.5371 -118.1587 -115.9586 -114.6250 -113.3373 -114.9268 -118.7851 -120.1618 -119.2505 -117.4615 -113.8598 -110.6361 -109.4027 -108.7790 -110.3242 -113.8803
-107.5505 -108.4429 -110.8069 -110.9440 -110.9313 -111.9759 -112.0788 -112.4833 -112.9464 -111.2865 -110.4229 -111.4326 -110.3876 -108.3608 -108.0873 -107.6613 -107.3592 -108.3136 -108.3948 -109.1727 -112.8182 -115.3870 -115.8397 -117.2100 -117.8102 -116.3323 -114.7589 -112.2111 -109.5833 -110.4562 -112.4797 -113.1607 -115.3236 -117.9322 -117.8070 -116.4205 -114.0667 -110.7855 -110.4800 -112.7018 -114.0092 -116.4332 -120.1711 -121.0734 -119.6349 -117.5526 -114.4917 -113.6151 -115.9464 -117.4744 -118.7091 -121.1479 -120.9020 -117.4783 -114.0399 -110.7083 -109.2647 -111.4714 -113.2998 -113.4181
-109.0762 -107.1856 -107.4547 -109.2332 -109.1674 -109.1014 -109.5371 -108.9686 -109.4321 -110.1863 -108.3347 -107.0456 -108.0825 -107.7299 -106.5753 -106.9321 -107.2181 -108.2857 -111.0704 -112.2865 -112.8571 -115.7888 -117.6277 -116.5134 -115.4323 -113.9108 -111.6541 -111.1414 -110.8299 -110.1159 -112.6744 -116.5953 -117.6054 -117.5490 -117.1274 -114.6997 -112.6144 -111.5455 -110.1079 -111.5633 -116.2835 -118.9854 -119.5117 -119.9461 -118.4233 -116.0061 -115.0821 -114.2322 -114.9690 -119.2469 -122.1964 -121.4028 -120.0132 -117.5996 -113.8682 -111.9871 -111.4082 -111.4455 -114.3387 -116.8328
-109.7907 -109.7955 -107.8536 -107.6056 -108.5871 -108.3613 -108.4477 -108.4940 -107.3538 -107.6967 -108.8430 -107.5370 -106.4071 -107.5516 -108.1269 -108.3872 -109.7218 -110.4233 -111.6674 -114.6834 -115.7652 -114.7725 -115.1545 -115.1260 -113.0430 -111.4000 -110.0770 -109.0460 -110.9312 -113.7200 -114.6284 -116.3734 -118.7790 -118.1809 -115.8563 -113.5890 -110.8369 -110.2054 -112.4687 -114.0609 -115.7546 -119.2556 -120.6981 -118.9282 -116.8940 -114.6673 -113.3902 -115.4848 -118.1060 -119.3618 -121.6861 -123.0687 -120.4382 -116.7406 -113.9524 -111.8741 -112.7465 -115.3700 -115.8573 -115.6962
-110.3474 -110.8743 -111.0222 -109.5529 -109.1432 -109.4418 -109.1257 -109.4938 -109.5987 -108.3864 -108.5862 -110.0043 -109.6737 -109.1864 -110.3111 -111.2192 -112.1536 -113.7185 -113.9209 -113.7613 -115.0586 -114.9800 -112.6663 -111.1732 -110.2855 -109.0893 -109.3376 -110.3687 -111.2676 -114.1735 -117.7343 -118.3661 -117.5230 -116.7753 -114.5869 -112.1837 -111.2579 -110.7799 -112.0697 -116.1058 -118.9435 -119.0900 -118.9654 -117.9047 -115.4071 -114.0897 -114.0824 -114.9655 -118.4922 -122.3899 -122.7897 -121.3411 -119.6896 -116.6644 -114.0679 -113.6749 -114.0544 -115.6908 -118.4581 -118.2302
-112.5124 -111.6960 -112.2107 -112.5286 -111.8488 -111.6901 -111.7045 -111.4369 -112.0033 -112.4176 -111.6566 -111.7557 -112.9709 -113.2543 -113.2277 -113.8629 -114.0892 -114.2867 -114.8378 -113.9659 -112.1609 -111.4237 -110.5504 -108.7005 -107.7845 -108.0413 -108.9159 -111.3508 -114.2659 -115.8267 -117.2156 -118.5099 -117.4892 -114.9053 -112.8104 -111.1603 -110.8419 -112.7570 -114.9563 -116.7380 -119.0917 -120.1320 -118.3395 -115.8762 -114.0647 -113.0679 -114.3692 -117.3449 -119.6576 -121.6304 -123.1234 -121.7893 -118.3973 -115.7424 -114.2364 -114.3610 -116.6120 -118.5113 -118.5759 -117.9609
-112.0501 -112.6069 -112.7331 -113.3298 -113.8140 -113.9084 -114.1728 -114.3228 -114.2925 -114.7735 -115.2508 -115.0383 -115.0045 -115.4237 -115.4218 -115.1106 -114.7550 -113.8341 -112.6880 -111.7612 -110.2636 -108.3300 -107.2439 -106.9783 -107.1510 -108.3550 -110.4181 -112.6597 -115.1976 -117.3144 -117.6513 -116.6492 -115.2589 -113.3506 -111.5718 -111.1320 -111.9700 -113.9185 -116.8753 -119.2023 -119.5952 -118.7314 -117.0701 -114.7333 -113.1478 -113.3508 -115.0131 -117.9503 -121.2278 -122.7203 -121.9590 -120.1081 -117.6394 -115.3516 -114.7726 -115.9142 -117.8228 -119.8710 -120.5025 -118.3809
-109.2782 -110.5227 -111.6904 -112.7342 -113.5296 -114.1984 -114.7932 -115.2453 -115.6489 -116.0069 -116.1384 -116.1003 -116.0235 -115.7403 -115.1381 -114.3109 -113.2190 -111.8476 -110.3865 -108.8996 -107.4484 -106.4233 -106.1359 -106.5829 -107.8103 -109.7846 -112.1056 -114.3276 -116.0429 -116.7187 -116.1590 -114.7590 -113.0251 -111.5035 -110.9263 -111.7029 -113.6404 -116.2378 -118.6593 -119.8928 -119.5193 -117.8611 -115.5471 -113.5282 -112.8625 -113.9548 -116.4296 -119.4477 -121.7719 -122.3414 -121.0903 -118.7566 -116.3490 -115.0126 -115.4629 -117.3644 -119.6756 -121.1750 -120.7666 -118.2337
-105.9791 -107.5482 -108.3715 -109.7096 -111.2814 -112.2388 -113.1412 -113.9572 -114.1226 -114.4894 -115.2516 -115.0677 -114.1849 -113.7709 -113.2037 -111.9853 -110.8171 -109.4405 -107.6862 -106.7701 -106.6387 -106.2161 -106.3250 -107.8521 -109.7994 -111.7286 -113.8131 -115.0337 -115.1250 -115.0327 -114.2381 -112.1958 -110.5666 -110.4266 -111.2102 -113.0767 -115.8917 -118.1412 -119.4507 -120.1512 -119.1413 -116.3653 -113.9855 -113.0370 -113.3275 -115.3007 -118.2803 -120.4685 -121.6424 -121.8381 -120.0138 -116.9854 -115.1595 -115.0965 -116.3995 -118.9918 -121.3115 -121.6376 -120.4323 -118.1052
-101.9923 -104.0809 -105.6629 -106.0527 -107.1813 -108.6998 -109.5475 -110.6977 -111.6994 -111.3069 -111.2038 -112.2335 -112.1244 -110.7794 -110.0948 -109.4743 -108.3614 -107.9581 -107.5471 -106.2940 -106.3169 -108.0698 -109.2221 -109.9936 -111.7518 -113.2596 -113.9772 -114.7135 -114.1665 -111.8870 -110.4670 -110.3423 -109.8246 -110.0092 -112.1477 -114.7592 -117.3550 -120.0163 -120.5768 -118.6759 -116.9528 -115.6312 -113.6832 -112.9551 -114.5100 -116.7894 -119.4726 -122.0785 -122.0725 -119.6645 -117.7247 -116.3318 -114.8936 -115.2821 -117.6396 -119.9491 -121.9135 -122.7693 -120.3942 -116.2304
-101.3771 -100.8616 -102.6292 -104.0979 -104.2422 -105.0952 -106.1522 -106.5199 -107.8062 -109.2121 -108.5420 -107.8529 -108.9592 -109.3718 -108.4421 -108.1741 -107.9593 -107.3347 -108.1867 -109.5250 -109.2023 -109.3973 -111.6169 -113.1695 -113.3846 -113.7867 -113.3134 -111.7182 -111.1160 -110.5468 -108.3566 -107.3510 -109.2427 -111.5722 -113.8089 -116.8436 -118.7992 -119.1261 -119.5995 -118.8798 -115.5970 -113.1075 -113.4190 -114.5378 -116.3133 -119.2489 -120.9832 -121.0195 -121.1212 -119.8616 -116.2539 -113.9540 -114.7573 -116.5316 -118.9342 -121.7853 -122.3953 -120.8062 -119.3596 -117.0242
-103.6385 -102.4391 -101.2231 -102.3657 -103.5217 -103.6365 -104.4744 -105.1291 -104.8512 -106.0267 -108.0238 -107.7668 -106.9048 -107.9787 -108.9888 -109.0144 -109.7806 -110.3194 -109.8970 -111.1045 -113.4725 -113.6698 -112.9041 -113.5823 -113.7917 -112.6074 -111.6939 -110.1027 -107.3289 -106.5575 -108.0037 -108.5659 -109.2661 -112.3258 -115.6106 -117.6978 -119.5705 -119.6282 -117.0170 -115.1993 -115.1002 -114.1316 -113.5002 -115.6029 -118.4446 -120.4929 -122.4271 -122.2851 -119.0115 -116.3511 -115.8090 -115.0045 -114.8299 -117.2877 -120.1319 -121.7116 -122.7782 -121.5637 -117.2681 -114.0827
-104.6175 -105.5834 -104.6436 -103.2564 -103.7979 -104.4911 -104.6467 -105.7765 -106.4885 -105.8161 -106.6294 -109.0341 -109.6770 -109.2496 -110.2853 -111.4647 -112.0143 -113.5143 -114.6319 -113.8183 -113.8025 -115.3970 -115.2289 -113.2126 -111.8845 -110.4315 -108.2620 -107.4245 -107.1660 -105.7519 -105.8872 -109.1862 -112.3436 -114.1691 -116.4221 -117.9385 -117.5582 -117.2631 -116.7248 -114.0923 -112.1520 -113.6954 -116.2073 -118.0217 -120.4316 -122.1090 -121.4555 -120.4699 -119.3811 -116.1972 -113.3483 -114.2557 -116.9144 -119.0413 -121.3648 -122.5278 -120.8468 -118.7528 -117.4547 -114.9454
