src/uuv_eskf_nav/gazebo_terrain.asc
ncols        257
nrows        257
xllcorner    -500.0
yllcorner    -500.0
cellsize     3.906250
NODATA_value -9999
[rows 78 to 103 of 257, columns 0 to 59 of 257]
-101.3906 -103.0961 -105.4140 -104.2141 -104.8706 -100.2769 -99.6548 -98.1893 -99.6111 -103.1244 -106.8186 -108.9492 -110.8953 -106.0256 -104.5964 -102.0288 -100.4770 -102.5984 -103.7927 -106.9025 -108.4056 -107.3958 -105.4220 -102.5649 -98.6223 -99.3901 -98.1770 -101.9891 -103.6358 -105.3658 -105.1307 -103.9303 -100.2943 -100.5356 -98.1244 -101.7686 -103.7367 -107.3761 -109.8400 -110.5853 -109.1921 -108.7338 -105.4020 -106.4159 -106.7955 -109.0860 -112.7594 -113.3812 -114.2449 -112.9499 -109.5571 -107.2788 -105.0701 -103.7913 -106.5594 -107.0125 -111.1528 -111.9872 -112.6339 -111.6894
-102.6072 -104.3832 -106.1270 -104.2294 -103.9093 -99.2942 -98.6324 -98.0714 -100.0377 -103.9290 -107.3676 -108.8262 -109.6730 -104.5462 -102.5843 -101.0564 -100.0873 -103.2077 -104.8423 -107.6789 -108.4483 -106.9238 -104.0021 -101.7790 -98.1282 -99.8952 -99.6801 -103.2679 -104.8300 -105.4734 -104.0713 -102.5010 -98.6693 -99.3199 -98.4363 -101.9057 -105.1240 -107.6503 -109.6141 -109.5789 -107.6544 -106.8964 -105.1547 -105.9797 -108.7846 -110.4577 -114.5857 -114.8249 -114.1138 -111.8470 -108.7668 -105.7772 -105.7390 -104.4132 -108.2805 -109.0011 -111.7759 -112.1057 -111.2927 -109.1766
-103.8474 -105.5215 -106.5063 -104.1012 -102.7959 -98.5990 -98.0047 -98.4087 -100.8705 -104.8258 -107.7712 -108.4916 -108.1614 -103.0322 -100.8092 -100.2758 -100.1531 -103.7749 -105.7661 -107.9976 -107.9550 -106.0050 -102.5963 -100.9539 -98.3053 -100.5602 -101.5368 -104.4446 -105.7006 -105.2277 -102.9323 -100.9674 -97.7803 -98.4748 -99.4169 -102.3888 -106.2080 -107.6779 -108.8826 -108.0254 -106.0989 -105.1013 -105.2774 -106.2242 -110.4636 -112.1268 -115.4272 -115.1783 -113.3598 -110.5153 -108.0767 -105.3589 -106.5445 -106.4768 -109.6633 -111.1685 -111.8236 -111.5243 -109.5117 -106.9552
-104.9945 -106.4104 -106.5166 -103.8278 -101.6154 -98.2040 -97.8120 -99.1217 -102.0246 -105.7266 -107.9985 -107.9706 -106.5351 -101.5656 -99.4676 -99.6973 -100.6436 -104.2455 -106.4367 -107.8372 -107.0018 -104.6819 -101.3752 -100.1444 -99.0335 -101.3916 -103.3858 -105.4786 -106.1067 -104.6610 -101.8430 -99.5561 -97.5420 -98.2978 -100.6400 -103.3213 -106.7338 -107.4448 -107.6315 -106.1825 -104.5804 -103.8405 -105.4404 -107.2660 -111.5613 -113.6759 -115.4212 -114.7802 -112.6282 -109.2939 -107.4591 -106.0980 -107.5492 -109.1245 -111.0540 -112.5680 -111.6206 -110.2265 -107.5844 -105.2788
-105.9507 -106.9768 -106.1561 -103.4124 -100.4531 -98.0906 -98.0513 -100.1091 -103.3871 -106.5525 -108.0388 -107.2987 -104.9700 -100.2273 -98.6839 -99.3485 -101.4595 -104.6095 -106.7539 -107.2284 -105.7019 -103.0616 -100.4198 -99.4768 -100.0667 -102.4211 -104.8917 -106.3157 -106.0017 -103.8414 -100.8673 -98.5422 -97.7420 -98.9732 -101.7925 -104.5735 -106.7231 -107.0267 -106.0716 -104.3390 -103.1605 -103.3583 -105.6036 -108.7148 -112.2663 -114.4800 -114.8899 -113.5684 -111.1155 -108.8286 -107.1726 -107.4571 -109.1390 -111.3278 -112.6259 -112.8404 -111.1324 -108.5738 -105.8510 -104.1203
-106.6443 -107.1789 -105.4553 -102.8637 -99.3877 -98.2176 -98.6779 -101.2609 -104.8278 -107.2387 -107.8978 -106.5193 -103.6180 -99.0996 -98.4952 -99.2738 -102.4559 -104.8865 -106.6642 -106.2437 -104.1837 -101.3111 -99.7229 -99.1065 -101.1234 -103.6337 -105.8404 -106.8575 -105.4369 -102.8599 -100.0233 -98.1400 -98.1975 -100.4234 -102.8069 -105.7872 -106.4030 -106.1529 -104.4620 -102.7400 -102.0054 -103.5336 -106.0164 -109.9161 -112.8719 -114.1669 -113.9868 -111.7755 -109.5820 -108.0503 -107.9832 -108.8264 -111.3197 -112.7263 -113.8747 -112.4077 -110.0772 -107.0535 -104.6043 -103.5426
-107.0344 -107.0081 -104.4722 -102.1964 -98.4851 -98.5301 -99.6114 -102.4706 -106.2115 -107.7364 -107.5935 -105.6817 -102.5866 -98.2655 -98.8545 -99.5209 -103.4748 -105.1026 -106.1728 -104.9834 -102.5751 -99.6312 -99.2239 -99.1532 -101.9841 -104.9169 -106.1840 -106.9725 -104.5336 -101.8153 -99.3236 -98.4058 -98.8580 -102.2968 -103.8126 -106.5480 -106.1687 -104.8608 -103.0016 -101.5425 -101.3629 -104.0217 -106.9267 -110.4187 -113.3637 -112.9060 -112.5980 -109.8352 -108.1743 -107.5555 -108.8749 -110.4238 -113.8770 -113.6853 -114.0264 -111.8395 -108.4618 -105.9300 -104.0161 -104.2593
-107.1115 -106.4875 -103.2861 -101.4328 -97.7942 -98.9699 -100.7450 -103.6434 -107.4104 -108.0134 -107.1508 -104.8391 -101.9287 -97.8013 -99.6493 -100.1198 -104.3803 -105.2700 -105.3445 -103.5627 -100.9939 -98.2185 -98.8601 -99.6430 -102.5560 -106.0608 -106.0180 -106.5465 -103.4349 -100.8009 -98.8079 -99.2098 -99.7940 -104.1121 -104.9509 -106.6135 -105.9340 -103.3742 -101.8033 -100.8171 -101.4284 -104.5369 -108.2630 -110.2679 -113.3461 -111.2566 -110.5798 -108.1242 -107.0261 -107.3831 -110.0719 -111.5850 -114.8518 -114.9066 -113.2713 -111.5685 -107.2225 -105.5672 -104.4731 -105.2853
-106.8952 -105.6679 -101.9905 -100.6041 -97.3452 -99.4839 -101.9581 -104.7029 -108.3166 -108.0529 -106.5977 -104.0455 -101.6422 -97.7642 -100.7308 -101.0607 -105.0849 -105.3749 -104.2916 -102.1006 -99.5461 -97.2241 -98.6098 -100.4844 -102.8791 -106.8164 -105.5066 -105.5453 -102.2605 -99.8945 -98.5435 -100.2959 -101.0854 -105.4755 -106.1895 -106.1613 -105.5829 -102.0187 -100.9218 -100.5807 -102.2024 -105.0448 -109.5841 -109.8822 -112.3834 -109.7124 -108.0785 -106.7684 -106.2585 -107.6151 -111.0440 -112.9863 -114.6208 -115.2748 -111.3748 -110.2202 -106.0644 -105.0103 -105.0847 -106.9597
-106.4301 -104.6221 -100.6843 -99.7506 -97.1492 -100.0306 -103.1299 -105.5921 -108.8521 -107.8523 -105.9621 -103.3515 -101.6792 -98.1785 -101.9468 -102.2799 -105.5614 -105.3793 -103.1513 -100.7102 -98.3258 -96.7245 -98.5105 -101.4917 -103.0750 -106.9855 -104.7935 -104.0552 -101.0849 -99.1534 -98.5940 -101.3969 -102.6896 -106.2415 -107.2678 -105.3762 -104.9349 -101.0687 -100.4003 -100.8272 -103.4606 -105.7158 -110.3537 -109.6298 -110.4406 -108.3551 -105.5968 -105.6806 -105.9404 -108.2397 -111.5338 -114.2368 -113.6564 -114.6000 -109.7907 -108.2333 -105.7623 -104.9631 -106.2360 -108.6558
-105.7792 -103.4382 -99.4642 -98.9212 -97.2002 -100.5831 -104.1526 -106.2742 -108.9759 -107.4214 -105.2700 -102.8001 -101.9625 -99.0233 -103.1689 -103.6586 -105.8365 -105.2339 -102.0578 -99.4924 -97.4151 -96.7135 -98.6434 -102.4475 -103.2661 -106.5032 -103.9437 -102.2767 -99.9450 -98.6143 -98.9753 -102.3421 -104.3818 -106.5223 -107.8895 -104.5816 -103.9209 -100.6189 -100.2913 -101.5310 -104.8667 -106.6885 -110.3171 -109.4866 -108.0132 -106.9229 -103.7119 -104.7749 -106.0455 -109.0637 -111.6695 -114.6530 -112.6274 -112.5699 -108.7395 -106.1361 -105.9037 -105.5907 -107.7055 -109.9431
-105.0160 -102.2113 -98.4169 -98.1714 -97.4785 -101.1293 -104.9431 -106.7296 -108.6867 -106.7817 -104.5458 -102.4214 -102.4048 -100.2269 -104.3090 -105.0372 -105.9696 -104.8990 -101.1172 -98.5298 -96.8805 -97.1169 -99.0920 -103.1785 -103.5021 -105.4714 -102.9399 -100.4703 -98.8684 -98.2953 -99.6271 -103.1002 -105.8143 -106.5490 -107.7493 -103.9474 -102.6884 -100.5681 -100.6331 -102.6239 -106.1490 -107.8569 -109.6623 -109.0763 -105.8076 -105.2094 -102.6950 -104.1335 -106.4533 -109.7862 -111.6916 -113.8618 -111.6811 -109.7561 -107.7156 -104.7542 -106.0348 -106.8118 -109.2154 -110.8084
-104.2167 -101.0361 -97.6135 -97.5601 -97.9546 -101.6694 -105.4515 -106.9535 -108.0220 -105.9653 -103.8134 -102.2293 -102.9260 -101.6712 -105.3225 -106.2423 -106.0242 -104.3635 -100.3901 -97.8815 -96.7648 -97.8243 -99.8930 -103.6132 -103.7304 -104.1270 -101.7342 -98.8759 -97.9044 -98.2000 -100.4199 -103.7382 -106.6655 -106.4993 -106.8160 -103.3891 -101.5469 -100.7225 -101.4009 -103.9727 -107.2092 -108.8675 -108.8311 -108.0497 -104.2471 -103.3982 -102.3791 -103.9570 -107.0043 -110.1781 -111.6019 -112.1479 -110.3786 -107.1544 -106.2450 -104.4044 -106.1568 -108.2233 -110.4822 -111.3809
-103.4533 -99.9990 -97.1042 -97.1448 -98.5937 -102.2106 -105.6649 -106.9525 -107.0517 -105.0144 -103.0974 -102.2200 -103.4668 -103.2052 -106.1981 -107.1201 -106.0400 -103.6560 -99.8882 -97.5790 -97.0781 -98.7254 -101.0029 -103.7981 -103.8215 -102.7556 -100.3209 -97.6438 -97.1357 -98.3203 -101.2001 -104.3281 -106.7921 -106.3751 -105.3894 -102.6719 -100.7873 -100.9421 -102.4755 -105.3864 -108.0881 -109.3397 -108.1403 -106.4577 -103.2336 -102.0036 -102.3935 -104.3512 -107.5680 -110.2008 -111.1214 -110.1693 -108.3347 -105.2895 -104.5672 -104.6354 -106.5995 -109.3734 -111.2874 -111.5620
-102.7866 -99.1722 -96.9164 -96.9762 -99.3596 -102.7627 -105.6069 -106.7431 -105.8699 -103.9804 -102.4250 -102.3726 -103.9936 -104.6674 -106.9402 -107.5666 -106.0164 -102.8428 -99.5834 -97.6231 -97.7897 -99.7378 -102.2936 -103.8632 -103.6371 -101.5893 -98.7920 -96.8081 -96.6642 -98.6387 -101.8475 -104.8626 -106.2908 -105.8933 -103.8851 -101.6238 -100.5040 -101.2229 -103.6624 -106.6592 -108.8286 -109.1276 -107.5383 -104.7746 -102.3653 -101.4640 -102.5343 -105.1694 -108.0694 -109.9544 -109.9998 -108.3430 -105.8177 -103.8798 -103.4309 -104.8160 -107.4592 -110.0765 -111.5175 -111.0624
-102.2622 -98.6085 -97.0533 -97.0928 -100.2183 -103.3320 -105.3323 -106.3496 -104.5835 -102.9223 -101.8266 -102.6538 -104.4978 -105.9111 -107.5497 -107.5475 -105.9115 -102.0133 -99.4250 -97.9842 -98.8274 -100.8161 -103.5833 -103.9556 -103.1077 -100.7329 -97.3403 -96.3118 -96.5755 -99.1294 -102.3183 -105.2336 -105.4732 -104.8518 -102.6048 -100.3031 -100.5442 -101.6612 -104.7571 -107.6278 -109.3545 -108.4079 -106.6970 -103.5423 -101.3994 -101.7646 -102.9189 -106.0772 -108.4620 -109.5192 -108.3384 -106.5574 -103.6108 -102.4091 -103.2479 -104.8567 -108.3265 -110.4111 -111.1515 -109.7924
-101.9074 -98.3385 -97.4957 -97.5159 -101.1397 -103.9176 -104.9182 -105.8036 -103.3000 -101.9046 -101.3350 -103.0236 -104.9876 -106.8289 -108.0100 -107.1015 -105.6568 -101.2565 -99.3616 -98.6049 -100.0841 -101.9426 -104.6889 -104.1668 -102.2806 -100.1494 -96.2054 -96.0684 -96.9016 -99.7598 -102.6482 -105.2878 -104.5948 -103.2248 -101.5925 -99.0018 -100.6245 -102.3314 -105.6153 -108.2075 -109.4724 -107.5189 -105.3553 -102.9443 -100.5270 -102.4466 -103.7843 -106.7878 -108.6860 -108.8579 -106.5665 -104.5014 -102.2769 -100.9150 -103.6163 -105.2060 -108.6642 -110.4370 -110.2251 -108.0705
-101.7307 -98.3695 -98.2048 -98.2460 -102.0987 -104.5092 -104.4516 -105.1439 -102.1170 -100.9933 -100.9840 -103.4435 -105.4778 -107.3695 -108.2835 -106.3271 -105.1838 -100.6375 -99.3575 -99.4082 -101.4336 -103.1031 -105.4795 -104.4878 -101.3149 -99.7101 -95.5873 -96.0261 -97.6028 -100.4925 -102.9168 -104.9244 -103.7902 -101.2401 -100.6667 -98.0806 -100.5316 -103.1759 -106.1860 -108.3866 -108.9966 -106.6841 -103.6070 -102.6826 -100.2092 -102.9988 -105.1383 -107.2450 -108.6606 -107.8774 -105.0824 -102.2182 -101.6439 -100.0619 -103.7859 -106.1493 -108.3802 -110.0137 -108.8181 -106.3481
-101.7233 -98.6863 -99.1269 -99.2606 -103.0746 -105.0871 -104.0175 -104.4151 -101.1132 -100.2514 -100.8055 -103.8830 -105.9791 -107.5432 -108.3183 -105.3564 -104.4530 -100.1808 -99.4006 -100.3073 -102.7499 -104.2626 -105.9114 -104.8099 -100.4236 -99.2803 -95.5662 -96.2006 -98.5774 -101.2885 -103.1927 -104.2020 -103.0367 -99.2979 -99.6033 -97.7475 -100.2665 -103.9958 -106.4869 -108.1893 -107.8962 -105.8496 -101.8800 -102.2670 -100.7258 -103.2715 -106.6161 -107.5809 -108.3228 -106.5776 -103.9300 -100.2494 -101.0863 -100.4052 -103.5243 -107.2887 -107.8886 -108.9597 -107.0658 -104.7903
-101.8618 -99.2540 -100.1984 -100.5150 -104.0496 -105.6240 -103.6867 -103.6665 -100.3426 -99.7336 -100.8256 -104.3256 -106.4908 -107.4160 -108.0653 -104.3224 -103.4751 -99.8670 -99.5006 -101.2178 -103.9272 -105.3505 -106.0284 -104.9713 -99.7878 -98.8005 -96.0715 -96.6599 -99.6977 -102.1092 -103.4908 -103.2488 -102.1931 -97.7782 -98.3420 -97.9341 -100.0321 -104.5537 -106.5479 -107.6369 -106.3432 -104.7670 -100.6195 -101.4587 -101.8575 -103.5345 -107.6965 -107.8998 -107.6727 -105.1210 -102.8459 -99.1862 -100.2858 -101.7013 -103.3622 -107.8642 -107.5797 -107.3478 -105.1594 -103.2466
-102.1127 -100.0223 -101.3519 -101.9445 -105.0068 -106.0888 -103.5060 -102.9490 -99.8322 -99.4809 -101.0613 -104.7708 -106.9988 -107.0915 -107.4985 -103.3309 -102.3199 -99.6437 -99.6777 -102.0691 -104.8940 -106.2656 -105.9301 -104.8282 -99.4822 -98.3220 -96.9123 -97.4710 -100.8524 -102.9189 -103.7653 -102.2949 -101.1422 -96.8561 -97.0732 -98.3555 -100.0747 -104.7173 -106.3666 -106.7385 -104.6168 -103.2496 -99.9455 -100.4793 -103.0025 -104.1335 -108.0823 -108.1049 -106.7758 -103.7393 -101.6183 -99.1091 -99.6136 -103.0742 -103.9282 -107.5515 -107.3457 -105.5454 -103.3049 -101.6337
-102.4372 -100.9307 -102.5216 -103.4696 -105.9276 -106.4510 -103.4928 -102.3112 -99.5836 -99.5160 -101.5167 -105.2323 -107.4780 -106.6868 -106.6322 -102.4426 -101.1059 -99.4479 -99.9486 -102.8119 -105.6182 -106.8978 -105.7211 -104.3195 -99.4459 -97.9815 -97.8586 -98.6376 -101.9758 -103.6846 -103.9468 -101.5363 -99.9143 -96.4406 -96.1460 -98.7116 -100.4954 -104.5381 -105.9106 -105.5152 -102.9389 -101.3831 -99.5802 -99.8019 -103.6329 -105.0781 -107.8880 -107.9455 -105.7166 -102.5640 -100.3684 -99.5239 -99.7082 -103.8709 -105.1539 -106.7880 -106.7415 -103.9252 -101.6688 -100.2132
-102.7961 -101.9144 -103.6490 -105.0025 -106.7909 -106.6855 -103.6336 -101.7946 -99.5770 -99.8401 -102.1818 -105.7329 -107.8998 -106.3071 -105.5300 -101.6706 -99.9767 -99.2316 -100.3146 -103.4226 -106.1026 -107.1609 -105.4640 -103.4972 -99.5122 -97.9273 -98.7338 -100.0649 -103.0499 -104.3755 -103.9583 -101.0381 -98.7108 -96.2725 -95.8568 -98.8914 -101.1676 -104.2075 -105.1617 -104.0327 -101.3660 -99.5099 -99.1075 -99.7161 -103.6841 -105.9552 -107.4614 -107.2372 -104.5459 -101.5512 -99.4523 -99.8699 -100.7239 -104.2434 -106.2871 -106.2358 -105.5739 -102.5826 -100.3541 -99.3868
-103.1550 -102.9103 -104.6864 -106.4549 -107.5711 -106.7760 -103.8872 -101.4289 -99.7770 -100.4321 -103.0311 -106.2968 -108.2408 -106.0252 -104.3007 -100.9923 -99.0681 -98.9830 -100.7572 -103.9010 -106.3739 -107.0224 -105.1548 -102.5080 -99.4850 -98.2358 -99.4748 -101.5719 -104.0797 -103.1258 -103.7940 -100.7206 -97.8092 -96.1173 -96.2597 -99.0389 -101.8195 -103.9211 -104.1644 -102.4126 -99.8213 -97.9995 -98.3427 -100.0559 -103.5332 -106.2561 -107.0149 -106.0384 -103.2698 -100.5730 -99.0897 -100.0507 -102.1007 -104.8115 -106.6957 -106.0229 -104.1873 -101.3909 -99.4210 -99.2723
-103.4875 -103.8623 -105.6004 -107.7457 -108.2393 -106.7182 -104.1920 -101.2277 -100.1392 -101.2495 -104.0255 -106.9410 -108.4907 -105.8695 -103.0814 -100.3718 -98.4775 -98.7354 -101.2423 -104.2654 -106.4687 -106.5191 -104.7324 -101.5361 -99.2281 -98.8589 -100.1332 -102.9485 -105.0584 -103.2669 -103.5132 -100.4251 -97.4087 -95.9255 -97.1271 -99.4347 -102.2219 -103.7489 -103.0361 -100.8053 -98.2336 -96.9917 -97.4948 -100.3365 -103.5926 -105.8118 -106.4212 -104.6058 -101.8894 -99.5796 -99.1214 -100.4220 -103.1157 -105.8157 -106.5167 -105.6654 -103.0899 -100.3014 -98.9121 -99.6129
-103.7782 -104.7259 -106.3724 -108.8084 -108.7648 -106.5200 -104.4758 -101.1861 -100.6166 -102.2324 -105.1145 -107.6673 -108.6559 -105.8247 -102.0113 -99.7844 -98.2434 -98.5608 -101.7317 -104.5445 -106.4221 -105.7508 -104.1165 -100.7315 -98.7263 -99.6313 -100.8207 -104.0304 -104.2936 -103.6759 -103.2010 -100.0208 -97.5121 -95.8591 -98.0871 -100.2778 -102.3458 -103.6034 -101.9258 -99.3399 -96.6652 -96.3285 -96.9833 -100.1794 -103.8954 -104.9297 -105.3696 -103.1723 -100.4466 -98.6631 -99.1604 -101.2679 -103.5991 -106.7491 -106.3925 -104.7408 -102.3839 -99.4944 -98.8464 -100.1335
