src/uuv_eskf_nav/gazebo_terrain.asc
ncols        257
nrows        257
xllcorner    -500.0
yllcorner    -500.0
cellsize     3.906250
NODATA_value -9999
[rows 0 to 25 of 257, columns 180 to 239 of 257]
-103.3313 -103.4425 -103.7517 -105.3498 -106.4418 -107.3736 -107.5896 -110.2882 -109.3038 -111.1416 -112.9375 -112.5582 -114.3664 -114.3604 -114.1901 -112.0888 -111.8581 -108.9222 -106.6758 -107.3341 -105.2403 -106.7945 -108.0135 -109.4506 -110.1565 -111.7536 -112.4430 -111.1428 -113.4686 -111.9722 -111.7890 -111.5906 -109.2779 -106.8166 -104.0533 -102.6966 -99.5191 -101.2075 -101.7639 -102.1606 -104.8698 -104.5229 -104.7682 -104.2500 -105.1693 -103.8087 -104.3731 -104.6670 -101.4940 -101.7219 -99.8193 -99.3977 -100.0970 -101.7982 -102.0458 -101.3398 -101.9875 -98.3977 -98.6316 -98.6579
-104.5642 -103.7291 -104.4638 -104.1324 -104.8298 -105.5722 -107.6060 -106.7599 -109.2357 -109.8780 -109.6988 -112.2665 -112.4861 -113.8135 -114.3694 -115.6374 -113.8057 -113.2518 -112.1512 -108.2566 -108.2908 -106.4545 -106.3126 -107.0697 -108.8705 -109.5358 -110.4129 -112.5698 -110.7415 -112.4004 -112.2350 -111.4619 -111.4246 -110.1293 -107.9313 -104.4614 -103.6367 -99.9453 -100.1399 -101.4337 -101.4305 -103.7739 -104.3368 -104.7502 -103.6547 -105.0279 -103.9190 -103.7461 -104.9148 -102.0783 -101.6561 -100.1665 -99.7060 -99.6224 -101.7044 -102.3917 -101.3028 -102.3640 -99.1080 -98.6609
-109.3117 -108.8058 -106.6100 -106.2022 -105.6318 -105.9707 -105.3124 -107.5799 -107.5084 -108.1498 -110.3137 -109.8183 -111.4538 -112.3967 -113.8567 -114.1343 -116.0505 -115.9017 -114.4441 -114.7194 -111.2157 -109.7205 -108.1042 -107.2024 -106.8157 -108.2504 -109.6730 -109.5650 -112.2561 -111.3070 -111.7331 -112.2961 -111.8233 -111.4773 -110.6853 -109.4693 -105.4999 -104.5057 -101.3031 -99.9293 -101.1596 -101.4802 -103.2236 -104.1923 -105.2590 -103.7993 -104.9749 -104.5904 -103.8401 -105.1474 -103.2191 -102.2271 -100.7551 -100.5761 -99.9211 -101.8816 -103.1724 -102.0111 -102.9034 -100.3289
-114.1210 -112.7324 -112.4868 -110.7982 -109.4623 -107.8823 -107.9926 -106.7631 -107.3903 -108.5610 -108.2370 -110.0800 -110.5013 -111.3984 -112.1273 -113.8789 -114.4116 -115.6795 -117.2621 -116.0424 -116.3163 -114.2761 -112.0200 -109.9075 -108.6828 -107.6309 -107.8157 -109.7639 -109.5812 -111.6233 -111.9398 -111.8315 -112.2090 -112.2649 -111.9782 -111.0986 -110.7509 -107.1976 -105.4055 -102.8522 -100.6684 -101.0554 -101.7732 -103.2764 -104.2033 -105.7897 -104.6229 -105.1369 -105.3423 -104.6059 -105.4786 -104.4716 -103.3305 -101.6346 -101.5964 -100.8611 -102.3770 -104.0511 -103.3021 -103.6452
-114.3850 -116.0171 -115.9709 -115.7146 -114.6262 -113.4024 -111.3015 -110.2614 -109.2381 -108.3041 -109.0752 -109.0821 -109.9731 -110.7735 -111.6989 -112.2004 -113.4916 -114.6938 -115.4567 -117.3442 -117.4568 -117.5016 -116.4809 -114.5491 -112.0641 -110.1968 -108.9365 -108.0903 -109.4296 -109.9145 -111.1761 -112.0757 -112.2421 -112.2927 -112.4305 -112.5015 -111.6815 -111.4451 -108.9844 -106.5690 -104.1445 -101.8705 -101.3191 -101.9887 -103.5280 -104.5148 -106.0607 -105.6645 -105.6255 -105.8944 -105.6220 -106.0057 -105.5512 -104.5645 -102.8130 -102.4867 -102.0552 -103.1631 -104.8080 -104.7808
-112.4530 -114.4611 -116.2683 -117.5214 -118.0469 -117.7223 -116.6849 -115.0574 -113.2223 -111.5968 -110.3273 -109.7442 -109.7204 -110.1476 -110.8107 -111.5834 -112.3373 -113.1733 -114.2330 -115.4045 -116.7489 -117.8286 -118.3022 -117.8558 -116.4202 -114.2214 -111.8466 -109.9680 -108.9255 -109.0215 -109.8295 -110.9140 -111.8224 -112.3068 -112.4376 -112.4555 -112.5045 -112.3218 -111.7233 -110.2080 -107.8597 -105.1815 -102.9202 -101.8295 -102.1434 -103.4901 -104.9872 -106.0955 -106.4054 -106.2880 -106.2345 -106.3947 -106.6127 -106.3888 -105.4851 -104.1121 -103.1474 -103.0772 -104.0443 -105.3735
-109.5688 -111.0239 -113.3292 -115.5244 -117.4969 -118.6514 -119.5397 -119.1835 -117.6879 -116.5372 -113.9447 -112.3774 -111.0089 -110.2515 -110.0721 -110.7097 -111.2027 -111.7146 -113.0260 -113.2551 -114.7681 -115.9815 -117.1977 -118.1766 -118.5180 -117.4862 -115.5755 -113.6161 -110.6436 -109.5931 -108.8545 -109.2155 -110.3345 -111.3707 -111.8614 -112.1332 -112.4824 -111.9056 -112.5253 -111.8128 -110.6606 -108.7962 -106.0676 -103.5382 -102.1696 -102.3205 -102.9694 -105.2281 -105.9979 -106.5971 -106.7466 -106.4398 -106.6442 -107.0025 -106.9976 -105.8440 -105.2032 -103.5694 -103.6570 -104.7079
-106.3352 -108.2663 -109.8170 -111.5762 -113.6882 -116.3304 -117.9869 -119.2053 -120.7576 -119.0749 -118.7978 -116.4684 -114.1371 -112.2817 -111.0386 -109.8927 -109.9606 -110.9106 -110.3491 -112.3046 -112.3104 -113.3450 -114.7568 -116.0794 -117.0419 -118.1069 -118.0302 -115.8245 -114.9113 -111.3019 -109.6765 -108.6795 -108.4369 -109.1463 -110.5335 -111.1645 -111.0730 -112.2833 -111.0281 -111.9456 -111.6310 -110.5711 -108.9956 -106.6985 -103.8208 -101.9894 -102.4198 -102.1120 -104.8934 -105.7400 -106.3160 -106.6552 -106.5007 -106.3768 -106.9000 -107.3403 -105.6595 -105.7734 -103.7394 -103.7450
-105.6419 -106.0001 -106.6687 -108.3135 -109.9638 -111.4729 -113.8054 -116.8125 -117.2297 -120.4438 -119.7868 -119.4594 -118.3123 -115.8928 -113.2719 -111.6542 -110.2297 -108.5771 -110.2990 -109.0168 -110.5744 -111.2321 -111.6885 -112.8012 -114.5248 -115.4837 -116.4013 -117.9681 -115.4222 -115.1500 -111.9515 -109.4370 -108.0793 -107.6817 -107.6287 -109.0108 -110.3715 -109.4958 -111.4772 -110.1405 -110.7271 -110.9119 -110.2250 -108.4979 -106.8259 -103.9588 -101.2933 -102.1977 -101.1793 -103.9429 -105.1741 -105.7895 -105.9295 -106.3086 -105.7711 -106.2389 -107.3159 -105.1299 -105.6859 -103.6236
-103.8596 -104.0194 -105.3851 -105.5962 -106.5464 -108.0607 -109.8917 -110.5044 -114.7735 -115.0913 -118.0650 -119.5071 -119.2171 -118.7674 -117.2442 -114.4484 -111.6840 -110.9564 -107.4977 -108.8773 -108.0204 -108.4211 -109.5143 -110.1409 -110.5613 -112.2602 -113.9490 -113.9336 -116.9029 -114.8788 -114.4485 -112.1910 -109.3138 -107.0912 -106.7734 -106.2719 -106.8992 -109.3273 -107.9194 -109.9960 -109.2155 -109.3400 -109.5882 -109.7020 -107.6849 -106.3526 -104.0059 -100.4097 -101.5064 -100.3332 -102.6456 -104.2118 -105.2012 -104.7855 -105.7777 -105.0238 -105.2027 -106.8525 -104.4983 -105.0346
-104.1500 -104.4371 -103.2095 -104.1324 -104.6817 -105.4223 -105.6906 -108.6088 -107.9686 -111.5966 -113.2333 -114.9638 -117.6943 -118.4623 -118.3156 -117.4531 -115.8933 -111.6602 -111.3378 -107.4350 -107.1009 -106.9524 -106.6568 -107.2990 -108.4457 -108.7184 -109.4820 -112.2932 -111.6056 -114.8347 -114.2067 -113.4693 -111.7929 -109.3803 -106.2201 -105.5766 -105.2797 -104.7586 -107.8608 -106.6809 -108.2291 -108.1142 -108.1823 -107.9731 -108.9508 -106.9625 -105.5061 -103.8977 -99.7379 -100.4668 -99.6046 -101.3886 -102.9735 -104.6252 -103.6025 -104.9636 -104.2756 -104.1209 -106.0089 -103.9571
-107.5164 -104.6809 -104.7299 -103.5036 -103.3921 -103.4187 -104.9461 -103.9209 -106.7766 -106.7755 -108.3633 -111.0915 -112.3870 -114.9488 -116.8623 -117.6925 -116.6901 -116.8685 -112.3579 -111.2377 -108.0947 -105.9929 -105.6415 -105.4257 -105.3586 -106.4200 -107.4059 -106.9736 -110.2683 -109.8927 -112.4214 -113.1749 -112.7360 -111.0762 -109.4156 -105.9285 -104.3595 -104.5246 -103.2007 -106.1307 -105.7892 -106.7378 -106.8960 -107.3719 -106.5871 -108.0207 -106.5340 -104.7365 -103.6248 -99.5207 -99.4317 -99.0022 -100.4705 -101.7825 -104.0826 -102.7384 -104.0793 -103.6261 -103.3114 -105.0024
-109.7495 -109.5259 -106.8037 -105.5579 -104.2300 -103.8553 -102.6220 -104.3275 -103.4973 -104.7999 -106.0759 -106.3521 -108.7186 -110.3612 -112.4859 -114.5114 -116.8296 -115.8841 -116.8671 -113.6909 -111.3587 -108.8596 -106.0215 -104.6377 -104.4483 -104.2231 -104.5002 -106.2715 -105.4027 -108.1188 -108.6651 -110.4591 -111.8571 -112.2890 -110.6277 -109.3438 -106.2651 -103.6623 -103.8819 -102.4870 -104.6103 -105.1366 -105.8745 -105.8931 -106.8429 -105.8389 -107.1659 -106.4095 -104.4541 -103.3486 -99.7889 -98.7933 -98.6126 -100.0119 -101.0193 -103.6252 -102.4080 -103.4044 -103.1776 -102.9617
-114.7557 -113.4516 -112.9843 -111.2697 -109.5561 -107.5196 -106.9784 -105.2483 -105.6996 -105.8128 -105.8025 -107.2532 -107.5746 -108.9696 -110.5857 -112.7426 -114.3156 -117.3739 -117.4880 -118.3312 -116.9201 -114.2529 -111.6864 -108.8516 -106.5744 -105.7633 -105.7490 -105.3646 -107.1348 -106.7795 -108.4605 -109.6750 -111.2726 -112.7148 -113.9379 -112.7718 -111.4241 -108.9723 -105.8615 -105.4748 -104.4917 -105.7541 -106.7432 -107.6423 -107.4970 -108.5486 -107.8351 -108.7254 -108.5462 -106.8219 -105.3474 -102.4407 -100.7891 -100.5897 -101.9864 -102.9414 -105.3587 -104.6504 -105.1565 -105.0416
-112.3367 -113.9122 -114.3019 -114.1013 -113.0863 -111.7117 -109.5539 -108.1764 -106.6682 -105.7876 -105.8845 -105.7174 -106.4488 -107.0449 -107.9526 -109.0876 -111.0900 -112.6873 -115.3461 -116.8448 -117.7089 -117.3812 -115.3934 -112.6691 -109.7816 -107.1711 -105.5272 -105.2887 -104.9545 -105.9968 -106.3973 -107.4053 -108.6981 -110.3892 -111.9022 -113.3758 -113.1010 -111.7274 -109.5539 -106.6257 -105.3063 -104.6761 -105.4207 -106.5012 -107.5544 -107.6112 -108.2752 -108.1410 -108.6334 -108.6767 -107.4488 -105.5805 -103.0703 -101.1460 -100.7788 -102.0281 -103.2988 -105.1248 -105.0842 -105.1282
-108.9753 -110.7646 -112.3889 -113.6739 -114.3169 -114.2267 -113.1321 -111.6335 -109.7572 -107.9211 -106.7585 -105.8743 -105.7803 -105.9787 -106.4638 -107.0779 -108.1449 -109.3020 -111.2921 -113.3647 -115.4608 -116.9963 -117.2170 -116.0846 -113.7427 -110.6969 -107.8133 -105.8807 -104.6922 -104.7935 -105.1168 -105.8387 -106.6933 -107.8784 -109.3964 -111.3385 -112.6896 -113.1704 -112.2331 -109.9041 -107.4708 -105.4298 -104.7730 -105.2965 -106.4489 -107.3032 -107.9959 -108.0196 -108.3984 -108.7442 -108.7512 -107.9573 -106.0026 -103.4702 -101.5802 -101.0672 -101.9493 -103.7905 -104.8888 -105.4146
-106.6566 -107.3667 -108.6759 -110.5157 -112.2748 -113.3271 -114.4394 -114.0435 -112.8154 -111.7601 -109.0615 -107.9924 -106.3870 -105.8276 -105.6507 -106.2123 -106.0559 -107.5673 -107.8934 -109.7139 -111.8196 -113.6808 -115.9056 -116.8321 -116.2560 -114.5659 -111.8675 -108.2685 -106.6530 -104.3487 -104.5434 -104.6274 -105.2723 -106.0158 -107.4296 -108.3506 -110.8275 -112.1854 -112.9149 -112.8136 -110.2781 -108.1408 -105.8618 -104.8972 -105.1787 -106.6781 -106.9546 -108.4524 -107.9434 -108.5491 -108.9506 -108.9349 -108.2203 -106.6139 -103.7048 -101.9884 -101.4370 -101.8400 -104.2396 -104.7802
-105.8090 -105.7036 -106.5085 -107.0131 -108.3260 -110.5018 -111.8191 -113.2109 -114.6060 -113.0635 -113.3180 -110.5126 -109.0553 -107.2766 -106.2910 -105.1825 -106.2715 -105.2483 -106.7871 -107.1826 -108.0511 -110.4481 -112.0841 -114.3679 -116.1934 -116.2606 -114.8160 -113.2421 -108.7452 -107.4146 -104.5257 -104.2171 -104.3031 -104.9886 -105.2310 -107.2467 -107.5191 -110.1702 -111.9401 -112.5316 -113.2175 -110.8568 -108.5974 -106.4296 -105.2000 -104.9805 -107.0928 -106.6918 -108.7931 -108.0911 -108.6525 -109.1085 -109.3143 -108.2422 -107.3079 -103.8651 -102.3206 -101.8004 -101.8256 -104.4961
-106.4773 -106.7420 -105.4381 -105.8169 -106.1260 -106.5539 -108.1761 -110.4904 -110.9370 -114.2340 -113.0066 -113.7794 -112.0111 -110.1977 -108.0245 -107.3037 -104.8892 -106.1453 -105.0835 -105.6894 -106.8310 -106.7974 -108.9484 -110.8231 -112.7771 -115.0553 -116.3311 -114.6127 -114.4144 -109.5586 -107.9514 -105.0960 -104.1034 -103.8929 -105.0512 -104.4951 -107.0545 -107.0935 -109.3888 -111.7877 -112.2944 -113.3056 -111.6121 -108.9763 -106.9374 -105.7126 -104.7780 -107.4922 -106.6745 -108.9420 -108.3926 -108.8008 -109.1405 -109.8478 -108.1356 -107.9374 -104.0171 -102.5764 -102.0595 -101.9886
-108.3909 -106.5445 -107.2370 -106.0032 -105.4552 -105.4108 -105.8579 -105.6561 -109.0973 -108.7515 -112.5072 -112.7597 -113.4461 -112.8118 -111.5916 -108.6139 -108.3522 -105.3080 -105.6152 -105.3931 -104.7478 -106.3017 -106.1709 -107.4761 -109.6117 -111.5632 -113.4626 -116.2932 -114.3802 -115.0401 -110.7252 -108.4188 -105.7200 -104.4113 -103.4059 -105.2482 -104.0700 -106.6866 -107.0204 -108.6949 -111.5145 -112.3359 -113.1477 -112.3671 -109.4275 -107.3064 -106.3171 -104.7261 -107.7071 -106.9450 -108.9383 -108.7351 -109.0340 -109.0760 -110.3948 -108.0523 -108.3746 -104.1901 -102.7678 -102.1669
-108.4033 -109.3848 -107.4164 -107.3269 -106.5842 -105.8802 -104.5959 -105.8116 -103.9372 -107.1771 -107.2203 -110.0021 -111.8181 -112.8884 -112.6743 -112.7684 -109.4642 -108.9460 -106.4311 -105.0989 -105.6210 -104.3888 -105.5021 -105.8690 -106.4313 -108.2372 -110.7461 -111.8403 -115.8214 -114.4004 -115.1555 -111.9430 -109.0896 -106.1978 -105.0546 -103.0816 -105.3160 -104.0665 -106.2101 -107.0745 -108.2931 -111.0510 -112.5784 -112.9446 -112.9471 -109.9924 -107.5921 -106.8349 -104.9325 -107.6886 -107.4227 -108.8770 -109.0350 -109.3119 -109.0180 -110.7914 -108.1124 -108.5454 -104.3863 -102.8867
-112.4565 -109.7864 -109.8348 -108.5355 -107.7679 -106.6780 -106.7294 -104.2370 -105.5449 -103.4724 -105.0632 -105.9636 -107.6951 -109.9953 -112.1079 -112.0613 -113.1231 -110.6749 -109.2117 -107.6772 -105.1475 -105.5029 -104.5148 -104.7940 -105.4791 -105.9516 -106.8786 -109.9993 -110.6258 -114.8419 -114.5900 -115.0842 -112.8968 -110.0392 -106.6151 -105.7487 -103.1472 -105.1661 -104.3664 -105.8265 -107.0560 -108.2192 -110.5126 -112.8255 -112.8785 -113.2881 -110.5945 -107.9009 -107.1425 -105.3822 -107.5119 -107.9600 -108.8448 -109.2634 -109.5487 -109.0703 -110.9283 -108.3559 -108.4424 -104.5883
-112.4906 -113.1284 -111.5406 -110.5499 -109.3292 -108.6528 -106.7749 -107.1900 -104.7088 -104.9450 -103.6773 -103.5602 -104.5627 -105.9449 -107.8313 -110.7487 -111.4081 -112.6363 -111.7654 -109.6241 -108.5494 -105.8339 -105.2984 -104.7182 -104.4922 -104.9381 -105.7665 -105.9096 -109.0587 -109.9171 -113.6250 -114.6722 -115.1060 -113.5247 -111.0806 -107.1989 -106.2595 -103.6256 -104.9198 -104.7437 -105.6843 -106.9271 -108.3305 -110.0983 -112.9068 -113.0147 -113.4402 -111.1149 -108.2898 -107.2352 -105.9435 -107.3202 -108.4088 -108.8899 -109.4247 -109.6738 -109.2702 -110.7971 -108.7273 -108.1249
-112.8624 -113.1202 -113.3629 -112.7179 -111.6684 -110.0647 -109.4210 -107.4195 -107.1412 -105.5353 -104.5931 -103.7975 -102.9456 -103.2303 -104.4672 -105.9684 -108.8259 -110.6140 -111.8177 -112.2039 -110.3614 -109.0756 -106.7673 -105.3968 -104.7881 -104.5253 -104.5256 -105.5100 -105.5072 -107.9858 -109.4858 -112.5368 -114.4883 -115.2458 -114.0111 -111.9471 -108.0823 -106.5601 -104.3400 -104.7728 -105.0388 -105.7721 -106.8020 -108.4180 -109.9538 -112.7674 -113.2998 -113.4992 -111.4768 -108.7196 -107.2111 -106.4331 -107.2525 -108.6646 -109.0255 -109.5193 -109.6777 -109.5624 -110.4912 -109.0921
-108.9443 -111.0353 -112.5660 -113.3136 -113.2339 -112.5464 -111.1157 -109.9096 -108.3661 -107.2019 -106.0542 -104.7898 -103.7504 -102.7966 -102.4120 -103.0719 -104.5047 -106.8619 -109.3556 -111.0700 -111.9510 -111.1267 -109.5880 -107.5822 -105.8695 -104.8863 -104.5837 -104.5006 -105.0739 -105.5058 -107.0630 -109.0611 -111.7535 -114.1300 -115.3340 -114.5792 -112.5090 -109.1915 -106.7957 -105.0602 -104.8378 -105.2403 -105.9492 -106.8322 -108.3371 -110.0958 -112.4681 -113.6234 -113.5354 -111.6793 -109.0795 -107.2023 -106.6969 -107.3874 -108.6846 -109.2414 -109.5268 -109.6120 -109.8265 -110.1596
-104.8625 -106.7650 -109.0691 -111.0445 -112.5208 -113.3489 -112.8363 -112.1393 -110.5571 -109.0546 -107.7714 -106.2490 -105.2025 -103.8903 -102.6972 -102.1215 -102.0167 -103.1410 -105.3429 -107.6475 -110.3336 -111.3905 -111.5400 -110.2447 -108.2695 -106.4575 -105.2861 -104.4842 -104.8293 -104.6492 -105.5863 -106.5094 -108.5685 -111.1963 -113.8243 -115.2149 -115.3001 -112.8427 -110.3128 -107.1366 -105.6448 -105.0863 -105.4418 -106.0584 -107.0910 -108.0741 -110.4196 -112.1283 -113.8826 -113.5664 -111.7709 -109.2558 -107.2961 -106.6708 -107.7158 -108.4921 -109.5049 -109.4238 -109.5453 -109.9442
