src/uuv_eskf_nav/gebco_2025_n40.4838_s39.4745_w131.501_e132.4997.asc
ncols        240
nrows        242
xllcorner    131.500000000000
yllcorner    39.475000000000
cellsize     0.004166666667
NODATA_value -32767
[rows 170 to 203 of 242, columns 154 to 230 of 240]
-2819 -2819 -2821 -2824 -2828 -2833 -2839 -2843 -2849 -2857 -2865 -2874 -2884 -2894 -2904 -2912 -2921 -2933 -2944 -2956 -2966 -2974 -2980 -2983 -2983 -2977 -2966 -2953 -2940 -2926 -2914 -2906 -2896 -2886 -2878 -2870 -2863 -2857 -2850 -2846 -2841 -2834 -2826 -2816 -2804 -2790 -2775 -2762 -2746 -2723 -2699 -2673 -2644 -2611 -2576 -2551 -2517 -2475 -2430 -2382 -2334 -2285 -2236 -2203 -2157 -2111 -2066 -2024 -1995 -1985 -1861 -1924 -1990 -1979 -1972 -1963 -1959
-2820 -2822 -2824 -2828 -2832 -2838 -2845 -2849 -2856 -2864 -2873 -2883 -2893 -2903 -2914 -2922 -2932 -2943 -2954 -2965 -2974 -2981 -2987 -2989 -2990 -2986 -2979 -2970 -2960 -2950 -2940 -2933 -2925 -2916 -2908 -2900 -2893 -2887 -2882 -2878 -2871 -2863 -2854 -2842 -2829 -2813 -2795 -2781 -2763 -2738 -2712 -2684 -2653 -2619 -2582 -2556 -2521 -2478 -2432 -2383 -2335 -2286 -2237 -2204 -2160 -2114 -2072 -2034 -2006 -1993 -1956 -1974 -1988 -1974 -1959 -1945 -1937
-2820 -2823 -2826 -2831 -2836 -2842 -2850 -2855 -2862 -2871 -2880 -2890 -2900 -2911 -2922 -2930 -2940 -2951 -2962 -2973 -2983 -2989 -2993 -2996 -2997 -2995 -2990 -2985 -2978 -2971 -2963 -2958 -2951 -2944 -2937 -2930 -2923 -2918 -2912 -2908 -2902 -2893 -2882 -2869 -2855 -2836 -2816 -2801 -2781 -2754 -2727 -2697 -2665 -2629 -2591 -2564 -2528 -2484 -2438 -2388 -2340 -2290 -2242 -2210 -2165 -2120 -2079 -2041 -2013 -1996 -1992 -1995 -1979 -1959 -1942 -1923 -1913
-2820 -2823 -2828 -2833 -2839 -2846 -2854 -2860 -2867 -2876 -2886 -2896 -2907 -2918 -2929 -2937 -2946 -2958 -2968 -2978 -2995 -2996 -2999 -3002 -3004 -3004 -3002 -3000 -2996 -2992 -2987 -2984 -2980 -2974 -2969 -2963 -2957 -2952 -2946 -2941 -2934 -2925 -2913 -2899 -2883 -2863 -2842 -2825 -2804 -2774 -2744 -2713 -2678 -2641 -2603 -2575 -2538 -2494 -2447 -2397 -2348 -2298 -2250 -2218 -2173 -2127 -2084 -2045 -2013 -1989 -1974 -1963 -1932 -1922 -1911 -1891 -1882
-2819 -2824 -2829 -2835 -2842 -2850 -2858 -2864 -2872 -2881 -2891 -2901 -2912 -2923 -2934 -2941 -2951 -2962 -2973 -2983 -2996 -2999 -3004 -3007 -3010 -3013 -3014 -3014 -3014 -3013 -3011 -3010 -3008 -3004 -3000 -2996 -2992 -2986 -2979 -2975 -2967 -2956 -2944 -2929 -2912 -2891 -2868 -2850 -2828 -2796 -2764 -2730 -2694 -2656 -2616 -2588 -2551 -2506 -2459 -2408 -2359 -2309 -2259 -2227 -2181 -2134 -2088 -2045 -2007 -1977 -1951 -1935 -1920 -1899 -1873 -1854 -1846
-2819 -2825 -2831 -2838 -2845 -2853 -2862 -2868 -2876 -2885 -2895 -2905 -2916 -2927 -2937 -2945 -2954 -2966 -2977 -2988 -2997 -3004 -3010 -3014 -3018 -3023 -3027 -3030 -3032 -3034 -3034 -3035 -3035 -3033 -3030 -3028 -3024 -3018 -3011 -3007 -2999 -2988 -2974 -2959 -2941 -2919 -2895 -2877 -2853 -2820 -2785 -2749 -2712 -2672 -2632 -2604 -2566 -2521 -2473 -2422 -2372 -2321 -2271 -2238 -2192 -2143 -2095 -2048 -2005 -1969 -1937 -1915 -1894 -1868 -1846 -1826 -1818
-2821 -2827 -2834 -2841 -2848 -2857 -2865 -2871 -2879 -2889 -2899 -2909 -2919 -2929 -2940 -2947 -2956 -2968 -2979 -2990 -3000 -3009 -3017 -3022 -3028 -3034 -3040 -3045 -3050 -3053 -3056 -3057 -3058 -3058 -3057 -3055 -3052 -3046 -3039 -3035 -3026 -3015 -3001 -2985 -2967 -2944 -2920 -2901 -2877 -2842 -2806 -2768 -2730 -2689 -2648 -2620 -2582 -2536 -2488 -2437 -2387 -2336 -2286 -2253 -2206 -2156 -2107 -2059 -2014 -1973 -1936 -1912 -1884 -1856 -1835 -1814 -1808
-2823 -2830 -2837 -2844 -2851 -2859 -2868 -2874 -2882 -2891 -2901 -2911 -2921 -2931 -2941 -2948 -2957 -2969 -2980 -2991 -3002 -3012 -3021 -3028 -3035 -3042 -3049 -3056 -3062 -3067 -3070 -3072 -3074 -3075 -3075 -3074 -3071 -3066 -3059 -3054 -3046 -3034 -3020 -3004 -2985 -2962 -2938 -2919 -2894 -2859 -2822 -2783 -2743 -2702 -2661 -2632 -2594 -2548 -2501 -2450 -2400 -2349 -2298 -2265 -2218 -2167 -2118 -2070 -2024 -1981 -1942 -1916 -1886 -1855 -1824 -1808 -1803
-2828 -2834 -2841 -2848 -2855 -2864 -2872 -2878 -2885 -2894 -2904 -2913 -2923 -2933 -2943 -2949 -2958 -2970 -2982 -2993 -3005 -3016 -3027 -3035 -3044 -3053 -3062 -3071 -3079 -3084 -3089 -3092 -3096 -3098 -3098 -3098 -3096 -3091 -3084 -3080 -3072 -3060 -3046 -3030 -3011 -2988 -2963 -2945 -2920 -2883 -2844 -2804 -2764 -2722 -2681 -2651 -2613 -2567 -2520 -2469 -2419 -2368 -2318 -2284 -2237 -2187 -2138 -2089 -2042 -1998 -1958 -1930 -1900 -1859 -1795 -1804 -1811
-2836 -2842 -2849 -2855 -2862 -2869 -2877 -2883 -2890 -2899 -2908 -2917 -2926 -2936 -2945 -2952 -2961 -2974 -2984 -2995 -3007 -3020 -3033 -3042 -3052 -3063 -3073 -3083 -3093 -3100 -3106 -3110 -3115 -3118 -3119 -3120 -3118 -3114 -3108 -3104 -3096 -3085 -3071 -3055 -3036 -3013 -2988 -2969 -2944 -2907 -2869 -2829 -2788 -2746 -2703 -2674 -2635 -2589 -2542 -2492 -2443 -2392 -2342 -2309 -2263 -2213 -2165 -2117 -2071 -2028 -1989 -1963 -1935 -1892 -1816 -1843 -1861
-2847 -2852 -2857 -2863 -2869 -2877 -2884 -2889 -2896 -2904 -2912 -2920 -2929 -2939 -2949 -2955 -2968 -2999 -2994 -2997 -3009 -3023 -3038 -3047 -3059 -3071 -3083 -3095 -3105 -3114 -3122 -3127 -3132 -3136 -3138 -3139 -3139 -3135 -3130 -3127 -3120 -3109 -3096 -3080 -3062 -3038 -3013 -2994 -2969 -2933 -2895 -2856 -2815 -2772 -2728 -2698 -2659 -2614 -2567 -2518 -2470 -2420 -2371 -2339 -2294 -2245 -2198 -2152 -2108 -2067 -2031 -2008 -1985 -1949 -1879 -1919 -1938
-2858 -2862 -2867 -2872 -2877 -2884 -2891 -2895 -2901 -2909 -2916 -2924 -2933 -2943 -2953 -2959 -2969 -2984 -2991 -3000 -3013 -3027 -3043 -3053 -3066 -3079 -3092 -3104 -3116 -3126 -3134 -3140 -3147 -3151 -3154 -3156 -3156 -3153 -3150 -3147 -3141 -3131 -3117 -3103 -3085 -3061 -3037 -3018 -2993 -2957 -2920 -2882 -2841 -2797 -2753 -2722 -2683 -2638 -2592 -2544 -2497 -2448 -2400 -2369 -2325 -2278 -2232 -2188 -2146 -2108 -2075 -2054 -2034 -2014 -1989 -2001 -2010
-2872 -2874 -2878 -2882 -2886 -2892 -2898 -2902 -2908 -2915 -2922 -2929 -2938 -2948 -2958 -2965 -2973 -2984 -2996 -3007 -3020 -3034 -3049 -3060 -3072 -3086 -3099 -3112 -3124 -3135 -3144 -3151 -3158 -3163 -3167 -3170 -3171 -3169 -3166 -3163 -3158 -3148 -3136 -3122 -3104 -3082 -3058 -3040 -3016 -2981 -2945 -2907 -2867 -2823 -2778 -2747 -2708 -2663 -2618 -2571 -2525 -2478 -2431 -2401 -2358 -2313 -2269 -2227 -2188 -2152 -2122 -2104 -2087 -2075 -2073 -2075 -2100
-2885 -2886 -2889 -2891 -2895 -2900 -2905 -2909 -2914 -2921 -2928 -2935 -2944 -2953 -2964 -2971 -2980 -2991 -3003 -3015 -3028 -3042 -3056 -3066 -3078 -3092 -3105 -3119 -3131 -3142 -3152 -3158 -3166 -3172 -3177 -3181 -3183 -3182 -3179 -3177 -3172 -3163 -3152 -3138 -3122 -3101 -3078 -3061 -3038 -3004 -2969 -2933 -2893 -2848 -2802 -2771 -2731 -2687 -2643 -2597 -2553 -2507 -2462 -2433 -2391 -2347 -2305 -2264 -2227 -2193 -2165 -2148 -2134 -2124 -2125 -2134 -2178
-2897 -2898 -2899 -2901 -2904 -2908 -2913 -2916 -2921 -2927 -2934 -2941 -2950 -2960 -2970 -2977 -2986 -2998 -3010 -3022 -3035 -3048 -3062 -3072 -3084 -3097 -3110 -3124 -3137 -3147 -3158 -3164 -3172 -3179 -3185 -3190 -3193 -3192 -3190 -3188 -3184 -3176 -3165 -3152 -3137 -3117 -3095 -3079 -3057 -3025 -2991 -2956 -2917 -2872 -2826 -2794 -2755 -2711 -2668 -2624 -2580 -2536 -2492 -2463 -2423 -2380 -2339 -2299 -2263 -2230 -2202 -2186 -2172 -2163 -2165 -2177 -2193
-2905 -2905 -2905 -2907 -2909 -2913 -2917 -2921 -2925 -2932 -2938 -2946 -2954 -2964 -2974 -2981 -2990 -3002 -3014 -3026 -3039 -3052 -3065 -3075 -3086 -3100 -3113 -3126 -3138 -3149 -3160 -3166 -3174 -3182 -3187 -3193 -3196 -3196 -3194 -3193 -3189 -3181 -3171 -3159 -3144 -3125 -3104 -3088 -3067 -3036 -3003 -2968 -2930 -2886 -2841 -2810 -2771 -2727 -2685 -2640 -2597 -2554 -2511 -2483 -2443 -2401 -2361 -2321 -2285 -2252 -2224 -2207 -2192 -2182 -2182 -2192 -2211
-2916 -2915 -2915 -2916 -2918 -2921 -2925 -2928 -2933 -2939 -2946 -2953 -2962 -2971 -2981 -2989 -2997 -3009 -3020 -3032 -3044 -3056 -3069 -3078 -3089 -3102 -3115 -3127 -3140 -3151 -3161 -3168 -3176 -3183 -3189 -3195 -3198 -3199 -3199 -3198 -3195 -3188 -3178 -3167 -3153 -3135 -3116 -3101 -3081 -3051 -3020 -2986 -2949 -2908 -2864 -2834 -2797 -2753 -2711 -2666 -2624 -2581 -2540 -2513 -2475 -2434 -2394 -2355 -2319 -2285 -2255 -2237 -2219 -2206 -2200 -2200 -2198
-2927 -2926 -2925 -2925 -2927 -2930 -2933 -2936 -2940 -2947 -2954 -2961 -2970 -2979 -2989 -3002 -3007 -3015 -3026 -3037 -3048 -3060 -3072 -3081 -3091 -3103 -3116 -3128 -3140 -3151 -3161 -3168 -3176 -3184 -3190 -3196 -3201 -3202 -3202 -3202 -3200 -3194 -3186 -3175 -3163 -3146 -3128 -3114 -3096 -3067 -3038 -3006 -2971 -2931 -2890 -2861 -2824 -2782 -2740 -2696 -2654 -2613 -2574 -2548 -2511 -2472 -2434 -2395 -2360 -2327 -2297 -2277 -2257 -2243 -2235 -2228 -2247
-2937 -2935 -2934 -2934 -2935 -2938 -2941 -2944 -2948 -2954 -2961 -2969 -2978 -2987 -2996 -3004 -3011 -3020 -3030 -3041 -3051 -3062 -3073 -3081 -3091 -3103 -3114 -3126 -3138 -3149 -3158 -3165 -3173 -3181 -3188 -3195 -3200 -3202 -3203 -3203 -3202 -3197 -3190 -3181 -3169 -3154 -3137 -3124 -3106 -3080 -3052 -3022 -2989 -2952 -2912 -2885 -2850 -2809 -2767 -2724 -2684 -2645 -2608 -2583 -2549 -2512 -2476 -2441 -2408 -2378 -2351 -2333 -2317 -2306 -2303 -2305 -2340
-2946 -2944 -2943 -2943 -2944 -2946 -2949 -2951 -2955 -2962 -2969 -2978 -2986 -2995 -3003 -3009 -3016 -3026 -3034 -3043 -3053 -3063 -3073 -3080 -3090 -3101 -3112 -3123 -3134 -3144 -3154 -3160 -3168 -3177 -3184 -3191 -3197 -3200 -3202 -3202 -3202 -3198 -3192 -3185 -3175 -3160 -3145 -3133 -3116 -3091 -3065 -3037 -3006 -2971 -2934 -2909 -2876 -2836 -2796 -2754 -2716 -2679 -2644 -2621 -2590 -2556 -2524 -2492 -2464 -2438 -2416 -2403 -2392 -2388 -2393 -2409 -2446
-2953 -2951 -2950 -2950 -2951 -2953 -2956 -2958 -2963 -2969 -2977 -2985 -2994 -3002 -3010 -3015 -3021 -3029 -3037 -3045 -3053 -3062 -3072 -3078 -3087 -3097 -3108 -3118 -3129 -3139 -3148 -3154 -3162 -3171 -3179 -3186 -3192 -3196 -3198 -3200 -3200 -3197 -3193 -3187 -3178 -3165 -3150 -3139 -3124 -3101 -3077 -3051 -3022 -2989 -2954 -2930 -2899 -2861 -2822 -2782 -2745 -2711 -2679 -2658 -2629 -2599 -2570 -2543 -2518 -2496 -2479 -2469 -2463 -2464 -2475 -2497 -2534
-2960 -2958 -2957 -2957 -2958 -2961 -2964 -2967 -2972 -2979 -2987 -2995 -3002 -3009 -3015 -3020 -3025 -3032 -3038 -3045 -3052 -3060 -3069 -3075 -3083 -3093 -3102 -3112 -3122 -3131 -3140 -3147 -3154 -3163 -3171 -3179 -3185 -3189 -3192 -3194 -3194 -3193 -3189 -3184 -3177 -3165 -3153 -3142 -3129 -3108 -3086 -3062 -3035 -3005 -2973 -2950 -2921 -2885 -2848 -2811 -2777 -2745 -2715 -2696 -2670 -2644 -2618 -2595 -2574 -2557 -2544 -2538 -2536 -2540 -2553 -2576 -2611
-2964 -2963 -2962 -2962 -2964 -2967 -2971 -2975 -2980 -2989 -3007 -3009 -3009 -3015 -3019 -3023 -3027 -3033 -3038 -3044 -3050 -3058 -3066 -3072 -3079 -3088 -3096 -3105 -3115 -3124 -3133 -3139 -3147 -3155 -3164 -3171 -3178 -3182 -3186 -3188 -3189 -3188 -3185 -3181 -3175 -3165 -3154 -3145 -3133 -3114 -3094 -3072 -3048 -3019 -2989 -2967 -2940 -2906 -2871 -2835 -2803 -2774 -2747 -2730 -2706 -2682 -2660 -2640 -2623 -2609 -2600 -2595 -2595 -2601 -2614 -2635 -2666
-2967 -2966 -2966 -2966 -2968 -2971 -2976 -2980 -2985 -2993 -3010 -3012 -3013 -3018 -3022 -3025 -3028 -3033 -3038 -3043 -3049 -3055 -3063 -3068 -3075 -3083 -3091 -3100 -3109 -3118 -3126 -3132 -3140 -3149 -3157 -3165 -3172 -3177 -3180 -3182 -3184 -3184 -3181 -3178 -3173 -3164 -3154 -3146 -3135 -3117 -3098 -3078 -3055 -3028 -2999 -2979 -2953 -2921 -2887 -2853 -2822 -2795 -2769 -2753 -2732 -2710 -2690 -2672 -2656 -2645 -2637 -2634 -2634 -2640 -2653 -2673 -2700
-2971 -2970 -2971 -2972 -2974 -2978 -2982 -2986 -2990 -2997 -3006 -3011 -3016 -3019 -3023 -3025 -3028 -3032 -3036 -3041 -3046 -3051 -3058 -3063 -3069 -3076 -3084 -3092 -3100 -3109 -3117 -3123 -3130 -3139 -3147 -3155 -3162 -3167 -3172 -3174 -3176 -3177 -3175 -3173 -3169 -3161 -3152 -3145 -3135 -3119 -3102 -3084 -3063 -3038 -3011 -2993 -2968 -2939 -2909 -2877 -2849 -2823 -2799 -2784 -2764 -2744 -2726 -2711 -2698 -2689 -2683 -2681 -2683 -2689 -2701 -2718 -2741
-2976 -2976 -2977 -2978 -2981 -2985 -2989 -2992 -2997 -3002 -3007 -3012 -3017 -3020 -3023 -3025 -3028 -3031 -3034 -3037 -3041 -3046 -3051 -3055 -3060 -3067 -3074 -3082 -3090 -3098 -3105 -3111 -3118 -3126 -3134 -3142 -3149 -3155 -3161 -3164 -3166 -3168 -3167 -3166 -3163 -3157 -3149 -3143 -3135 -3121 -3105 -3089 -3070 -3047 -3024 -3007 -2986 -2959 -2932 -2905 -2879 -2855 -2832 -2817 -2799 -2782 -2767 -2754 -2744 -2737 -2733 -2733 -2735 -2741 -2751 -2766 -2785
-2980 -2980 -2982 -2984 -2987 -2990 -2994 -2997 -3001 -3005 -3009 -3014 -3017 -3020 -3022 -3024 -3026 -3029 -3031 -3034 -3037 -3040 -3044 -3047 -3052 -3058 -3064 -3072 -3079 -3087 -3094 -3099 -3106 -3114 -3122 -3129 -3137 -3143 -3149 -3153 -3156 -3158 -3159 -3159 -3157 -3151 -3145 -3141 -3133 -3121 -3107 -3092 -3075 -3055 -3034 -3019 -3000 -2977 -2953 -2929 -2906 -2883 -2861 -2848 -2831 -2816 -2803 -2792 -2784 -2779 -2776 -2776 -2778 -2784 -2793 -2806 -2821
-2985 -2986 -2987 -2989 -2992 -2995 -2999 -3001 -3004 -3008 -3011 -3014 -3017 -3019 -3021 -3022 -3024 -3026 -3027 -3029 -3032 -3034 -3038 -3040 -3044 -3049 -3055 -3061 -3068 -3075 -3082 -3086 -3093 -3101 -3109 -3116 -3123 -3130 -3137 -3140 -3144 -3147 -3148 -3149 -3147 -3143 -3138 -3134 -3128 -3117 -3105 -3092 -3078 -3060 -3042 -3029 -3012 -2991 -2970 -2949 -2928 -2908 -2889 -2878 -2863 -2849 -2838 -2829 -2822 -2817 -2815 -2815 -2817 -2822 -2830 -2841 -2853
-2990 -2991 -2992 -2994 -2997 -2999 -3002 -3005 -3007 -3010 -3013 -3015 -3017 -3018 -3020 -3020 -3021 -3022 -3023 -3025 -3026 -3028 -3030 -3032 -3035 -3039 -3043 -3049 -3055 -3062 -3068 -3073 -3080 -3087 -3095 -3102 -3109 -3116 -3123 -3127 -3131 -3134 -3137 -3138 -3137 -3134 -3131 -3127 -3122 -3113 -3103 -3092 -3079 -3064 -3048 -3037 -3022 -3005 -2986 -2967 -2950 -2933 -2917 -2907 -2894 -2882 -2872 -2864 -2857 -2854 -2852 -2852 -2854 -2858 -2865 -2873 -2883
-2994 -2995 -2996 -2998 -3001 -3003 -3006 -3008 -3010 -3012 -3014 -3016 -3017 -3018 -3018 -3018 -3019 -3019 -3019 -3020 -3020 -3021 -3022 -3023 -3025 -3028 -3032 -3036 -3042 -3048 -3055 -3060 -3066 -3074 -3081 -3089 -3096 -3103 -3110 -3115 -3119 -3123 -3126 -3128 -3128 -3127 -3124 -3121 -3117 -3110 -3102 -3092 -3082 -3069 -3055 -3045 -3033 -3017 -3001 -2984 -2969 -2954 -2941 -2933 -2922 -2912 -2903 -2894 -2889 -2886 -2885 -2885 -2886 -2890 -2896 -2902 -2910
-2997 -2998 -2999 -3001 -3004 -3006 -3008 -3010 -3012 -3014 -3015 -3016 -3017 -3017 -3016 -3016 -3016 -3015 -3014 -3014 -3014 -3014 -3014 -3014 -3015 -3018 -3021 -3024 -3029 -3035 -3042 -3047 -3053 -3061 -3068 -3075 -3083 -3090 -3098 -3103 -3108 -3113 -3116 -3119 -3120 -3119 -3117 -3115 -3112 -3106 -3099 -3092 -3083 -3072 -3060 -3052 -3041 -3027 -3013 -2999 -2986 -2974 -2963 -2956 -2947 -2938 -2931 -2923 -2918 -2917 -2916 -2916 -2917 -2920 -2925 -2930 -2936
-2998 -2999 -3001 -3003 -3006 -3009 -3010 -3011 -3013 -3016 -3016 -3016 -3016 -3016 -3015 -3014 -3013 -3012 -3011 -3010 -3009 -3008 -3008 -3008 -3008 -3010 -3013 -3016 -3021 -3027 -3033 -3037 -3043 -3051 -3058 -3066 -3073 -3081 -3089 -3094 -3099 -3104 -3108 -3111 -3113 -3113 -3111 -3110 -3108 -3103 -3097 -3090 -3083 -3073 -3062 -3055 -3045 -3033 -3021 -3008 -2997 -2986 -2977 -2971 -2964 -2956 -2950 -2944 -2940 -2939 -2938 -2939 -2940 -2943 -2947 -2951 -2956
-2999 -3000 -3002 -3005 -3009 -3015 -3013 -3013 -3014 -3015 -3016 -3016 -3015 -3014 -3012 -3011 -3009 -3007 -3005 -3002 -3001 -2999 -2998 -2998 -2998 -2999 -3001 -3004 -3008 -3013 -3019 -3023 -3028 -3036 -3043 -3051 -3059 -3067 -3075 -3079 -3085 -3091 -3095 -3099 -3101 -3102 -3102 -3102 -3100 -3096 -3092 -3086 -3080 -3072 -3064 -3058 -3050 -3040 -3031 -3021 -3012 -3004 -2997 -2993 -2988 -2982 -2978 -2974 -2972 -2971 -2972 -2972 -2974 -2976 -2980 -2984 -2988
-2999 -3000 -3003 -3006 -3010 -3016 -3014 -3014 -3015 -3016 -3016 -3015 -3014 -3012 -3009 -3007 -3005 -3001 -2998 -2995 -2992 -2990 -2988 -2987 -2987 -2987 -2989 -2991 -2995 -2999 -3004 -3008 -3013 -3020 -3028 -3036 -3043 -3052 -3060 -3065 -3071 -3077 -3082 -3087 -3090 -3092 -3092 -3093 -3092 -3089 -3086 -3082 -3077 -3071 -3065 -3060 -3054 -3047 -3040 -3032 -3026 -3020 -3016 -3013 -3010 -3007 -3004 -3003 -3003 -3002 -3003 -3005 -3007 -3009 -3012 -3015 -3019
