src/uuv_eskf_nav/gebco_2025_n40.4838_s39.4745_w131.501_e132.4997.asc
ncols        240
nrows        242
xllcorner    131.500000000000
yllcorner    39.475000000000
cellsize     0.004166666667
NODATA_value -32767
[rows 102 to 135 of 242, columns 0 to 76 of 240]
-3014 -2998 -2979 -2961 -3008 -2940 -2942 -3135 -3021 -2907 -2976 -2938 -2926 -2934 -2941 -2949 -2956 -2960 -2966 -2973 -2981 -2987 -2994 -3001 -3009 -3014 -3020 -3027 -3035 -3042 -3050 -3057 -3064 -3068 -3074 -3081 -3089 -3096 -3103 -3109 -3116 -3120 -3126 -3132 -3138 -3144 -3150 -3154 -3158 -3161 -3164 -3168 -3171 -3173 -3175 -3176 -3177 -3178 -3178 -3177 -3176 -3175 -3173 -3170 -3168 -3165 -3162 -3157 -3153 -3147 -3142 -3137 -3131 -3128 -3124 -3119 -3115
-3003 -2988 -2971 -2952 -2932 -2918 -2914 -2944 -2941 -2926 -3236 -3016 -2915 -2928 -2934 -2941 -2947 -2951 -2956 -2963 -2970 -2976 -2983 -2990 -2998 -3003 -3009 -3016 -3023 -3030 -3038 -3045 -3053 -3058 -3064 -3072 -3079 -3087 -3094 -3102 -3109 -3114 -3121 -3127 -3134 -3140 -3146 -3151 -3156 -3159 -3163 -3166 -3169 -3172 -3174 -3176 -3176 -3177 -3177 -3176 -3175 -3173 -3171 -3168 -3166 -3163 -3160 -3156 -3151 -3146 -3141 -3135 -3130 -3126 -3122 -3118 -3114
-2997 -2982 -2966 -2948 -2932 -2919 -2907 -2948 -3183 -3006 -2943 -2926 -2919 -2925 -2930 -2936 -2941 -2944 -2949 -2955 -2962 -2968 -2974 -2981 -2989 -2994 -3000 -3007 -3014 -3021 -3028 -3036 -3043 -3049 -3055 -3063 -3071 -3079 -3087 -3095 -3103 -3108 -3115 -3123 -3130 -3136 -3143 -3149 -3154 -3157 -3161 -3165 -3168 -3171 -3173 -3175 -3175 -3176 -3176 -3175 -3173 -3172 -3169 -3167 -3164 -3161 -3158 -3154 -3149 -3144 -3140 -3134 -3129 -3125 -3121 -3117 -3114
-2990 -2979 -2963 -2947 -2932 -2920 -2912 -2918 -2971 -2931 -2910 -2915 -2920 -2923 -2931 -2972 -2988 -2955 -2948 -2984 -2975 -2962 -2969 -2976 -2983 -2988 -2994 -3001 -3008 -3015 -3022 -3030 -3037 -3042 -3049 -3057 -3066 -3074 -3082 -3090 -3099 -3104 -3112 -3119 -3127 -3134 -3141 -3147 -3152 -3155 -3159 -3163 -3167 -3170 -3172 -3174 -3174 -3175 -3175 -3174 -3172 -3170 -3168 -3165 -3162 -3160 -3157 -3152 -3148 -3143 -3138 -3133 -3128 -3125 -3121 -3117 -3114
-2969 -2977 -2960 -2945 -2933 -2924 -2917 -2913 -2907 -2912 -2915 -2917 -2920 -2921 -2945 -3175 -3249 -3032 -2957 -3163 -3071 -2951 -2963 -2970 -2976 -2981 -2986 -2993 -3000 -3007 -3014 -3022 -3029 -3034 -3041 -3049 -3058 -3066 -3075 -3084 -3092 -3098 -3106 -3114 -3122 -3130 -3138 -3144 -3149 -3153 -3157 -3161 -3165 -3168 -3170 -3172 -3173 -3173 -3173 -3172 -3171 -3169 -3166 -3163 -3160 -3157 -3154 -3150 -3146 -3141 -3137 -3133 -3128 -3126 -3122 -3119 -3115
-2966 -2973 -2957 -2944 -2935 -2927 -2922 -2919 -2918 -2918 -2918 -2920 -2921 -2921 -2945 -3178 -3253 -3031 -2953 -3165 -3069 -2944 -2956 -2962 -2968 -2972 -2978 -2984 -2991 -2998 -3005 -3013 -3020 -3025 -3032 -3040 -3049 -3058 -3067 -3076 -3085 -3091 -3100 -3108 -3117 -3125 -3133 -3140 -3146 -3149 -3154 -3158 -3162 -3166 -3168 -3170 -3171 -3171 -3171 -3170 -3168 -3166 -3164 -3161 -3157 -3155 -3152 -3148 -3144 -3139 -3136 -3132 -3129 -3126 -3123 -3120 -3117
-2979 -2971 -2959 -2947 -2939 -2933 -2928 -2925 -2923 -2923 -2922 -2922 -2923 -2923 -2929 -2985 -3005 -2952 -2938 -2987 -2970 -2945 -2951 -2956 -2961 -2965 -2970 -2976 -2983 -2990 -2997 -3005 -3012 -3017 -3024 -3033 -3042 -3051 -3060 -3069 -3078 -3085 -3093 -3102 -3111 -3120 -3128 -3135 -3141 -3145 -3150 -3155 -3159 -3162 -3165 -3167 -3168 -3168 -3168 -3167 -3166 -3164 -3161 -3158 -3155 -3153 -3150 -3146 -3142 -3139 -3135 -3132 -3129 -3128 -3125 -3122 -3119
-2981 -2972 -2962 -2953 -2945 -2939 -2935 -2931 -2929 -2928 -2926 -2925 -2925 -2925 -2925 -2926 -2928 -2929 -2932 -2934 -2938 -2942 -2946 -2950 -2954 -2958 -2962 -2968 -2974 -2981 -2988 -2996 -3004 -3009 -3017 -3025 -3035 -3043 -3053 -3062 -3071 -3078 -3086 -3095 -3104 -3113 -3122 -3130 -3136 -3141 -3146 -3151 -3155 -3159 -3162 -3163 -3164 -3164 -3164 -3164 -3162 -3161 -3159 -3156 -3153 -3150 -3147 -3144 -3142 -3139 -3136 -3133 -3131 -3129 -3127 -3124 -3122
-2978 -2971 -2964 -2956 -2950 -2945 -2940 -2937 -2934 -2932 -2930 -2929 -2927 -2926 -2926 -2926 -2928 -2928 -2930 -2932 -2935 -2937 -2941 -2944 -2948 -2951 -2955 -2961 -2967 -2973 -2981 -2989 -2997 -3002 -3009 -3018 -3028 -3037 -3046 -3055 -3065 -3071 -3079 -3089 -3098 -3107 -3116 -3124 -3131 -3136 -3141 -3146 -3151 -3155 -3158 -3159 -3160 -3160 -3160 -3160 -3159 -3158 -3156 -3153 -3150 -3148 -3146 -3143 -3141 -3139 -3137 -3134 -3132 -3131 -3129 -3127 -3125
-2974 -2969 -2964 -2958 -2953 -2949 -2945 -2941 -2938 -2936 -2934 -2932 -2930 -2929 -2928 -2927 -2928 -2928 -2928 -2930 -2931 -2933 -2936 -2939 -2943 -2945 -2949 -2955 -2960 -2967 -2974 -2982 -2989 -2995 -3002 -3011 -3021 -3030 -3039 -3049 -3058 -3064 -3073 -3082 -3091 -3100 -3109 -3117 -3125 -3129 -3135 -3141 -3145 -3149 -3152 -3154 -3155 -3155 -3156 -3155 -3154 -3153 -3152 -3150 -3148 -3146 -3144 -3143 -3141 -3139 -3137 -3136 -3134 -3133 -3132 -3130 -3128
-2971 -2968 -2964 -2960 -2955 -2952 -2948 -2945 -2942 -2940 -2938 -2935 -2933 -2931 -2930 -2928 -2928 -2927 -2927 -2928 -2929 -2930 -2932 -2934 -2938 -2940 -2944 -2949 -2955 -2961 -2968 -2976 -2983 -2989 -2996 -3005 -3015 -3024 -3034 -3043 -3053 -3059 -3067 -3076 -3086 -3094 -3103 -3112 -3119 -3124 -3130 -3135 -3140 -3144 -3147 -3149 -3151 -3151 -3152 -3151 -3150 -3149 -3148 -3147 -3146 -3145 -3143 -3142 -3141 -3139 -3138 -3137 -3136 -3135 -3134 -3133 -3132
-2969 -2967 -2964 -2960 -2957 -2953 -2950 -2947 -2944 -2942 -2940 -2937 -2935 -2933 -2931 -2929 -2928 -2927 -2926 -2926 -2926 -2927 -2928 -2931 -2934 -2936 -2940 -2945 -2950 -2956 -2963 -2971 -2978 -2984 -2991 -3001 -3007 -3018 -3030 -3039 -3049 -3055 -3063 -3072 -3081 -3090 -3099 -3108 -3116 -3120 -3126 -3132 -3137 -3141 -3144 -3146 -3148 -3149 -3149 -3149 -3148 -3147 -3146 -3145 -3144 -3144 -3143 -3142 -3140 -3139 -3138 -3137 -3137 -3136 -3136 -3135 -3135
-2967 -2966 -2964 -2962 -2959 -2956 -2953 -2950 -2947 -2945 -2943 -2940 -2937 -2935 -2932 -2929 -2927 -2926 -2925 -2923 -2923 -2923 -2923 -2926 -2928 -2931 -2934 -2939 -2944 -2950 -2957 -2964 -2971 -2977 -2985 -2994 -3039 -3030 -3022 -3033 -3042 -3049 -3058 -3067 -3076 -3085 -3094 -3102 -3110 -3115 -3121 -3127 -3132 -3136 -3139 -3142 -3143 -3144 -3145 -3145 -3144 -3143 -3142 -3142 -3142 -3142 -3141 -3141 -3140 -3139 -3138 -3138 -3138 -3138 -3138 -3138 -3138
-2965 -2965 -2964 -2963 -2961 -2959 -2956 -2953 -2951 -2949 -2946 -2943 -2939 -2936 -2933 -2929 -2926 -2925 -2923 -2921 -2920 -2919 -2919 -2921 -2923 -2925 -2928 -2933 -2938 -2944 -2950 -2959 -2976 -2977 -2977 -2989 -3162 -3090 -3012 -3036 -3041 -3043 -3051 -3061 -3070 -3078 -3087 -3096 -3104 -3109 -3115 -3121 -3125 -3130 -3133 -3136 -3138 -3139 -3140 -3140 -3140 -3139 -3139 -3139 -3139 -3139 -3139 -3139 -3139 -3138 -3138 -3138 -3138 -3139 -3140 -3141 -3142
-2964 -2965 -2966 -2965 -2964 -2962 -2960 -2957 -2954 -2952 -2949 -2945 -2941 -2937 -2933 -2929 -2925 -2923 -2921 -2918 -2917 -2916 -2916 -2917 -2918 -2920 -2923 -2927 -2932 -2937 -2943 -2981 -3147 -3057 -2967 -2984 -3171 -3091 -3024 -3145 -3088 -3037 -3045 -3054 -3063 -3072 -3081 -3089 -3097 -3101 -3107 -3113 -3118 -3122 -3126 -3129 -3131 -3132 -3133 -3134 -3135 -3135 -3136 -3136 -3136 -3136 -3136 -3136 -3137 -3137 -3137 -3138 -3139 -3139 -3141 -3143 -3145
-2964 -2966 -2967 -2967 -2966 -2965 -2963 -2960 -2957 -2955 -2952 -2948 -2943 -2938 -2933 -2929 -2924 -2922 -2919 -2916 -2914 -2912 -2912 -2913 -2914 -2915 -2918 -2922 -2926 -2931 -2937 -2972 -3121 -3042 -2962 -2977 -3149 -3076 -3017 -3128 -3077 -3030 -3039 -3048 -3055 -3064 -3074 -3082 -3090 -3094 -3100 -3106 -3111 -3115 -3119 -3122 -3124 -3126 -3127 -3129 -3130 -3131 -3132 -3133 -3133 -3133 -3133 -3134 -3135 -3135 -3136 -3137 -3139 -3140 -3142 -3145 -3147
-2965 -2967 -2968 -2969 -2969 -2968 -2966 -2963 -2960 -2957 -2954 -2949 -2944 -2939 -2933 -2928 -2923 -2920 -2917 -2913 -2911 -2909 -2908 -2909 -2910 -2911 -2913 -2917 -2921 -2926 -2932 -2945 -2983 -2971 -2959 -2969 -3015 -3004 -3001 -3033 -3029 -3024 -3032 -3043 -3075 -3090 -3076 -3075 -3083 -3085 -3092 -3099 -3103 -3108 -3112 -3115 -3118 -3120 -3121 -3123 -3125 -3126 -3128 -3128 -3129 -3129 -3130 -3131 -3132 -3134 -3135 -3137 -3139 -3140 -3143 -3146 -3149
-2966 -2969 -2971 -2971 -2971 -2970 -2968 -2965 -2961 -2959 -2955 -2950 -2944 -2939 -2933 -2927 -2922 -2919 -2915 -2911 -2908 -2905 -2904 -2905 -2906 -2907 -2909 -2913 -2917 -2922 -2928 -2935 -2939 -2946 -2955 -2963 -2969 -2980 -2991 -2999 -3010 -3017 -3026 -3042 -3128 -3154 -3089 -3068 -3076 -3094 -3092 -3091 -3096 -3101 -3105 -3109 -3112 -3114 -3116 -3118 -3120 -3121 -3123 -3124 -3125 -3125 -3126 -3128 -3130 -3132 -3134 -3136 -3138 -3140 -3143 -3147 -3151
-2967 -2970 -2973 -2974 -2973 -2972 -2969 -2966 -2963 -2960 -2956 -2950 -2944 -2938 -2933 -2926 -2921 -2917 -2913 -2909 -2905 -2902 -2901 -2901 -2902 -2903 -2905 -2909 -2913 -2918 -2924 -2931 -2938 -2943 -2950 -2958 -2967 -2976 -2985 -2995 -3005 -3011 -3019 -3030 -3054 -3066 -3060 -3062 -3071 -3147 -3115 -3081 -3089 -3094 -3098 -3102 -3105 -3107 -3110 -3112 -3114 -3116 -3117 -3119 -3120 -3121 -3122 -3124 -3127 -3129 -3132 -3134 -3137 -3139 -3142 -3146 -3151
-2968 -2971 -2974 -2975 -2974 -2973 -2970 -2967 -2963 -2960 -2956 -2950 -2944 -2938 -2932 -2926 -2920 -2916 -2912 -2908 -2904 -2901 -2899 -2899 -2900 -2901 -2903 -2907 -2911 -2916 -2922 -2928 -2935 -2940 -2947 -2955 -2964 -2973 -2982 -2991 -3001 -3007 -3015 -3024 -3033 -3042 -3050 -3057 -3066 -3154 -3116 -3076 -3085 -3089 -3094 -3097 -3101 -3103 -3105 -3108 -3110 -3112 -3114 -3115 -3117 -3118 -3119 -3122 -3124 -3127 -3130 -3133 -3136 -3138 -3141 -3146 -3151
-2970 -2973 -2975 -2976 -2976 -2974 -2972 -2968 -2964 -2960 -2956 -2950 -2944 -2937 -2931 -2924 -2919 -2915 -2911 -2906 -2902 -2899 -2897 -2897 -2898 -2899 -2901 -2904 -2908 -2912 -2918 -2925 -2932 -2937 -2943 -2951 -2960 -2968 -2977 -2986 -2995 -3001 -3009 -3017 -3026 -3034 -3042 -3049 -3057 -3069 -3070 -3073 -3084 -3085 -3087 -3090 -3094 -3096 -3098 -3101 -3103 -3106 -3108 -3110 -3111 -3112 -3114 -3117 -3120 -3123 -3126 -3129 -3133 -3135 -3139 -3144 -3149
-2973 -2976 -2978 -2979 -2978 -2977 -2974 -2970 -2965 -2961 -2956 -2950 -2943 -2936 -2930 -2923 -2917 -2914 -2909 -2905 -2901 -2897 -2895 -2895 -2895 -2896 -2897 -2900 -2904 -2909 -2914 -2921 -2927 -2932 -2939 -2946 -2954 -2962 -2971 -2979 -2988 -2994 -3002 -3010 -3018 -3026 -3034 -3041 -3048 -3051 -3056 -3073 -3128 -3094 -3079 -3081 -3086 -3095 -3094 -3092 -3095 -3098 -3101 -3103 -3104 -3106 -3108 -3111 -3114 -3117 -3121 -3124 -3128 -3131 -3135 -3140 -3146
-2975 -2978 -2979 -2980 -2979 -2978 -2975 -2971 -2966 -2962 -2957 -2950 -2943 -2936 -2929 -2923 -2916 -2913 -2908 -2903 -2899 -2896 -2894 -2893 -2894 -2894 -2896 -2898 -2902 -2906 -2911 -2917 -2924 -2928 -2934 -2941 -2949 -2957 -2965 -2973 -2981 -2987 -2994 -3002 -3010 -3018 -3025 -3033 -3039 -3044 -3049 -3059 -3083 -3073 -3070 -3087 -3088 -3110 -3098 -3095 -3102 -3094 -3093 -3095 -3097 -3099 -3101 -3104 -3107 -3111 -3115 -3118 -3123 -3126 -3130 -3135 -3141
-2977 -2979 -2981 -2981 -2981 -2979 -2977 -2972 -2967 -2963 -2957 -2951 -2944 -2936 -2929 -2922 -2916 -2912 -2907 -2902 -2898 -2895 -2892 -2892 -2892 -2893 -2894 -2897 -2900 -2904 -2909 -2914 -2920 -2924 -2929 -2936 -2943 -2951 -2958 -2966 -2974 -2979 -2986 -2994 -3002 -3009 -3017 -3024 -3031 -3035 -3040 -3046 -3050 -3055 -3062 -3121 -3097 -3077 -3082 -3120 -3134 -3099 -3083 -3087 -3090 -3091 -3094 -3097 -3100 -3104 -3107 -3111 -3116 -3119 -3123 -3129 -3134
-2979 -2981 -2982 -2983 -2982 -2981 -2978 -2973 -2968 -2964 -2958 -2951 -2944 -2937 -2929 -2922 -2915 -2911 -2906 -2901 -2897 -2893 -2891 -2891 -2891 -2891 -2893 -2895 -2898 -2902 -2907 -2911 -2916 -2920 -2925 -2931 -2938 -2945 -2952 -2960 -2967 -2972 -2979 -2986 -2994 -3001 -3008 -3015 -3022 -3026 -3032 -3038 -3043 -3047 -3053 -3131 -3095 -3058 -3069 -3127 -3145 -3096 -3079 -3081 -3081 -3083 -3086 -3089 -3092 -3096 -3100 -3104 -3108 -3111 -3115 -3121 -3127
-2978 -2980 -2982 -2983 -2982 -2981 -2978 -2974 -2969 -2964 -2959 -2952 -2945 -2937 -2930 -2922 -2915 -2911 -2906 -2901 -2896 -2893 -2891 -2890 -2890 -2890 -2891 -2894 -2896 -2900 -2904 -2908 -2913 -2916 -2921 -2927 -2933 -2939 -2946 -2953 -2960 -2964 -2971 -2978 -2985 -2992 -2999 -3006 -3013 -3017 -3022 -3028 -3033 -3038 -3043 -3053 -3053 -3052 -3056 -3064 -3069 -3068 -3116 -3097 -3070 -3074 -3077 -3080 -3083 -3087 -3091 -3095 -3099 -3102 -3106 -3112 -3117
-2977 -2980 -2982 -2983 -2983 -2982 -2979 -2975 -2969 -2965 -2959 -2953 -2945 -2938 -2930 -2923 -2916 -2911 -2906 -2901 -2896 -2892 -2890 -2889 -2889 -2889 -2890 -2892 -2894 -2897 -2901 -2905 -2909 -2912 -2917 -2922 -2928 -2934 -2941 -2947 -2953 -2957 -2963 -2970 -2977 -2984 -2991 -2997 -3004 -3008 -3013 -3019 -3024 -3029 -3034 -3038 -3042 -3044 -3047 -3050 -3053 -3056 -3064 -3065 -3070 -3069 -3068 -3072 -3075 -3078 -3082 -3086 -3090 -3093 -3098 -3103 -3108
-2976 -2979 -2982 -2983 -2983 -2982 -2980 -2975 -2970 -2966 -2960 -2953 -2946 -2938 -2931 -2923 -2916 -2911 -2906 -2901 -2896 -2892 -2889 -2888 -2888 -2888 -2889 -2891 -2893 -2896 -2899 -2903 -2907 -2910 -2914 -2919 -2925 -2931 -2937 -2942 -2948 -2952 -2957 -2964 -2971 -2978 -2985 -2991 -2997 -3001 -3007 -3013 -3018 -3023 -3028 -3032 -3036 -3038 -3041 -3044 -3047 -3050 -3052 -3063 -3103 -3081 -3062 -3065 -3068 -3073 -3084 -3084 -3084 -3087 -3091 -3096 -3102
-2975 -2978 -2981 -2983 -2983 -2982 -2980 -2976 -2971 -2967 -2961 -2954 -2947 -2939 -2932 -2924 -2917 -2912 -2906 -2901 -2896 -2892 -2890 -2888 -2888 -2887 -2888 -2889 -2891 -2893 -2896 -2900 -2903 -2906 -2910 -2915 -2920 -2925 -2931 -2936 -2941 -2945 -2950 -2956 -2963 -2969 -2976 -2982 -2988 -2992 -2998 -3004 -3009 -3014 -3019 -3023 -3027 -3030 -3033 -3036 -3039 -3042 -3044 -3050 -3065 -3059 -3054 -3055 -3059 -3070 -3109 -3092 -3075 -3078 -3081 -3086 -3092
-2973 -2977 -2980 -2982 -2983 -2983 -2981 -2977 -2972 -2968 -2962 -2955 -2948 -2940 -2932 -2924 -2917 -2913 -2907 -2902 -2897 -2893 -2890 -2888 -2887 -2886 -2886 -2887 -2888 -2890 -2893 -2896 -2899 -2902 -2906 -2910 -2914 -2919 -2923 -2928 -2932 -2936 -2941 -2946 -2953 -2959 -2966 -2972 -2978 -2982 -2987 -2993 -2999 -3004 -3009 -3013 -3017 -3020 -3022 -3026 -3029 -3032 -3035 -3037 -3039 -3041 -3044 -3065 -3056 -3060 -3109 -3100 -3069 -3069 -3086 -3091 -3086
-2972 -2976 -2980 -2983 -2984 -2984 -2982 -2978 -2973 -2969 -2964 -2957 -2949 -2941 -2933 -2925 -2918 -2913 -2908 -2902 -2897 -2893 -2890 -2888 -2886 -2885 -2885 -2885 -2886 -2887 -2889 -2892 -2895 -2898 -2901 -2904 -2908 -2912 -2916 -2920 -2924 -2927 -2932 -2937 -2943 -2950 -2956 -2962 -2968 -2972 -2977 -2983 -2989 -2994 -2999 -3003 -3007 -3010 -3013 -3016 -3019 -3023 -3026 -3028 -3031 -3032 -3035 -3122 -3069 -3041 -3065 -3124 -3076 -3060 -3127 -3133 -3095
-2972 -2976 -2980 -2983 -2985 -2985 -2983 -2979 -2974 -2970 -2965 -2958 -2950 -2942 -2934 -2926 -2919 -2914 -2908 -2903 -2898 -2893 -2890 -2887 -2885 -2884 -2884 -2883 -2884 -2885 -2886 -2888 -2891 -2893 -2895 -2898 -2902 -2905 -2908 -2912 -2916 -2919 -2923 -2928 -2934 -2939 -2946 -2951 -2957 -2961 -2966 -2973 -2978 -2984 -2989 -2993 -2997 -3000 -3003 -3007 -3010 -3013 -3016 -3019 -3022 -3023 -3026 -3038 -3035 -3033 -3038 -3048 -3048 -3049 -3060 -3065 -3064
-2973 -2977 -2982 -2985 -2986 -2986 -2984 -2981 -2976 -2972 -2966 -2959 -2951 -2943 -2935 -2927 -2919 -2915 -2909 -2903 -2898 -2893 -2889 -2886 -2884 -2883 -2882 -2882 -2882 -2882 -2883 -2884 -2886 -2887 -2889 -2891 -2894 -2897 -2900 -2903 -2907 -2910 -2913 -2918 -2923 -2928 -2934 -2940 -2946 -2950 -2956 -2962 -2968 -2973 -2979 -2983 -2987 -2990 -2993 -2997 -3000 -3003 -3006 -3009 -3012 -3013 -3016 -3018 -3021 -3024 -3027 -3031 -3035 -3038 -3042 -3046 -3051
-2974 -2979 -2983 -2987 -2988 -2988 -2986 -2982 -2978 -2974 -2968 -2961 -2952 -2944 -2936 -2928 -2920 -2916 -2910 -2903 -2898 -2893 -2888 -2885 -2883 -2881 -2880 -2879 -2879 -2879 -2879 -2880 -2881 -2882 -2883 -2885 -2887 -2889 -2891 -2895 -2898 -2901 -2904 -2909 -2913 -2918 -2924 -2930 -2936 -2940 -2946 -2952 -2958 -2963 -2969 -2973 -2978 -2981 -2984 -2987 -2991 -2994 -2997 -3000 -3002 -3004 -3006 -3009 -3012 -3015 -3018 -3022 -3026 -3029 -3032 -3037 -3041
