src/uuv_eskf_nav/gebco_2025_n40.4838_s39.4745_w131.501_e132.4997.asc
ncols        240
nrows        242
xllcorner    131.500000000000
yllcorner    39.475000000000
cellsize     0.004166666667
NODATA_value -32767
[rows 68 to 101 of 242, columns 0 to 76 of 240]
-3202 -3198 -3192 -3184 -3176 -3168 -3160 -3152 -3145 -3140 -3134 -3128 -3123 -3118 -3114 -3114 -3115 -3116 -3118 -3121 -3126 -3132 -3138 -3145 -3153 -3158 -3165 -3174 -3182 -3190 -3198 -3204 -3209 -3213 -3216 -3219 -3221 -3221 -3221 -3219 -3216 -3214 -3210 -3204 -3196 -3188 -3180 -3171 -3162 -3156 -3148 -3139 -3131 -3123 -3115 -3088 -3089 -3086 -3083 -3078 -3072 -3067 -3062 -3059 -3057 -3056 -3054 -3053 -3053 -3053 -3054 -3056 -3059 -3061 -3065 -3070 -3076
-3202 -3196 -3190 -3182 -3172 -3163 -3154 -3146 -3138 -3132 -3125 -3118 -3112 -3107 -3103 -3102 -3103 -3104 -3106 -3109 -3115 -3120 -3127 -3134 -3142 -3148 -3155 -3164 -3173 -3181 -3189 -3196 -3202 -3205 -3209 -3212 -3214 -3215 -3215 -3214 -3211 -3209 -3205 -3199 -3193 -3185 -3177 -3168 -3159 -3153 -3146 -3137 -3129 -3121 -3113 -3103 -3096 -3091 -3085 -3074 -3071 -3069 -3065 -3062 -3060 -3059 -3057 -3056 -3055 -3055 -3055 -3057 -3059 -3061 -3064 -3068 -3074
-3202 -3196 -3189 -3180 -3169 -3159 -3150 -3140 -3131 -3125 -3117 -3110 -3103 -3097 -3093 -3092 -3093 -3093 -3095 -3099 -3105 -3110 -3117 -3125 -3133 -3139 -3146 -3155 -3164 -3173 -3181 -3188 -3194 -3198 -3202 -3206 -3209 -3210 -3211 -3210 -3207 -3205 -3201 -3196 -3190 -3183 -3175 -3166 -3158 -3152 -3144 -3136 -3128 -3120 -3112 -3104 -3097 -3092 -3086 -3074 -3071 -3071 -3069 -3066 -3063 -3062 -3060 -3059 -3058 -3057 -3057 -3058 -3059 -3061 -3063 -3067 -3072
-3202 -3196 -3188 -3178 -3167 -3156 -3146 -3136 -3126 -3119 -3111 -3103 -3096 -3090 -3085 -3084 -3084 -3085 -3087 -3090 -3096 -3102 -3108 -3116 -3125 -3131 -3138 -3147 -3157 -3166 -3174 -3182 -3188 -3192 -3196 -3200 -3204 -3206 -3207 -3206 -3204 -3202 -3198 -3193 -3188 -3181 -3174 -3165 -3157 -3151 -3143 -3135 -3127 -3119 -3111 -3104 -3097 -3093 -3087 -3075 -3072 -3072 -3071 -3068 -3066 -3065 -3064 -3062 -3060 -3059 -3058 -3059 -3060 -3061 -3063 -3066 -3070
-3202 -3195 -3187 -3177 -3165 -3154 -3143 -3132 -3122 -3114 -3106 -3098 -3091 -3085 -3081 -3079 -3079 -3079 -3081 -3084 -3090 -3095 -3102 -3110 -3118 -3124 -3132 -3141 -3150 -3160 -3168 -3176 -3182 -3186 -3191 -3195 -3199 -3201 -3202 -3202 -3200 -3199 -3196 -3191 -3186 -3180 -3172 -3165 -3156 -3151 -3143 -3135 -3127 -3119 -3111 -3104 -3097 -3093 -3088 -3077 -3072 -3072 -3071 -3069 -3069 -3068 -3067 -3065 -3063 -3061 -3060 -3060 -3061 -3062 -3064 -3066 -3070
-3202 -3195 -3187 -3176 -3164 -3153 -3141 -3130 -3119 -3112 -3103 -3095 -3088 -3082 -3078 -3076 -3075 -3076 -3077 -3081 -3086 -3091 -3098 -3106 -3114 -3120 -3128 -3137 -3147 -3156 -3164 -3172 -3178 -3183 -3187 -3192 -3196 -3198 -3200 -3200 -3198 -3197 -3194 -3190 -3185 -3179 -3172 -3164 -3156 -3151 -3143 -3135 -3127 -3119 -3111 -3104 -3098 -3093 -3087 -3071 -3066 -3070 -3070 -3069 -3073 -3071 -3069 -3067 -3064 -3062 -3061 -3061 -3062 -3062 -3064 -3067 -3070
-3202 -3195 -3187 -3176 -3164 -3152 -3140 -3128 -3117 -3109 -3099 -3091 -3085 -3079 -3074 -3072 -3072 -3072 -3073 -3076 -3081 -3087 -3093 -3101 -3110 -3116 -3123 -3133 -3142 -3151 -3160 -3168 -3174 -3179 -3183 -3188 -3192 -3195 -3197 -3197 -3197 -3196 -3193 -3189 -3185 -3179 -3172 -3165 -3157 -3151 -3144 -3136 -3128 -3120 -3112 -3105 -3098 -3094 -3087 -3068 -3064 -3069 -3069 -3069 -3073 -3073 -3071 -3069 -3065 -3063 -3061 -3061 -3062 -3063 -3065 -3067 -3070
-3201 -3194 -3186 -3176 -3164 -3152 -3140 -3128 -3116 -3108 -3099 -3091 -3084 -3077 -3073 -3071 -3070 -3070 -3071 -3074 -3079 -3084 -3091 -3099 -3107 -3113 -3120 -3130 -3139 -3148 -3156 -3164 -3171 -3175 -3180 -3185 -3189 -3193 -3195 -3195 -3195 -3194 -3192 -3189 -3184 -3179 -3173 -3165 -3158 -3153 -3146 -3137 -3130 -3122 -3114 -3107 -3100 -3096 -3090 -3083 -3077 -3073 -3069 -3069 -3070 -3073 -3070 -3067 -3065 -3062 -3061 -3062 -3063 -3064 -3066 -3068 -3071
-3200 -3194 -3186 -3176 -3164 -3153 -3141 -3129 -3118 -3109 -3100 -3091 -3084 -3078 -3073 -3071 -3070 -3070 -3071 -3074 -3079 -3084 -3090 -3098 -3106 -3112 -3119 -3128 -3137 -3145 -3154 -3161 -3168 -3172 -3177 -3182 -3187 -3190 -3193 -3193 -3193 -3193 -3191 -3188 -3184 -3179 -3173 -3167 -3160 -3155 -3148 -3140 -3133 -3125 -3117 -3110 -3103 -3098 -3093 -3087 -3081 -3076 -3072 -3069 -3067 -3067 -3065 -3063 -3062 -3061 -3061 -3062 -3065 -3066 -3068 -3071 -3073
-3198 -3193 -3186 -3176 -3165 -3154 -3143 -3131 -3119 -3111 -3102 -3093 -3086 -3079 -3074 -3072 -3072 -3072 -3073 -3076 -3080 -3085 -3091 -3098 -3106 -3112 -3119 -3127 -3136 -3145 -3153 -3160 -3167 -3171 -3176 -3181 -3185 -3189 -3191 -3192 -3192 -3192 -3191 -3188 -3184 -3180 -3175 -3169 -3162 -3158 -3151 -3143 -3136 -3128 -3120 -3113 -3107 -3102 -3097 -3090 -3085 -3079 -3074 -3070 -3065 -3065 -3064 -3057 -3060 -3061 -3061 -3064 -3067 -3069 -3071 -3073 -3076
-3196 -3192 -3185 -3176 -3165 -3155 -3144 -3133 -3122 -3114 -3105 -3097 -3090 -3083 -3079 -3077 -3076 -3076 -3077 -3080 -3084 -3089 -3095 -3102 -3109 -3114 -3121 -3129 -3137 -3145 -3153 -3160 -3166 -3171 -3175 -3180 -3184 -3187 -3189 -3190 -3191 -3191 -3190 -3188 -3185 -3181 -3176 -3170 -3164 -3160 -3155 -3147 -3139 -3132 -3125 -3118 -3111 -3106 -3101 -3095 -3089 -3084 -3079 -3075 -3070 -3069 -3067 -3063 -3064 -3064 -3064 -3067 -3071 -3073 -3076 -3078 -3079
-3195 -3191 -3185 -3176 -3166 -3156 -3145 -3134 -3124 -3117 -3109 -3101 -3094 -3088 -3084 -3083 -3082 -3082 -3083 -3086 -3090 -3095 -3100 -3107 -3113 -3118 -3124 -3132 -3139 -3147 -3154 -3161 -3167 -3171 -3175 -3180 -3183 -3186 -3188 -3189 -3190 -3190 -3190 -3188 -3185 -3182 -3178 -3173 -3167 -3163 -3158 -3151 -3143 -3136 -3129 -3122 -3116 -3111 -3106 -3100 -3095 -3089 -3084 -3080 -3077 -3074 -3071 -3068 -3067 -3067 -3069 -3073 -3076 -3078 -3081 -3082 -3083
-3196 -3192 -3186 -3177 -3167 -3157 -3147 -3136 -3127 -3120 -3112 -3105 -3099 -3094 -3090 -3089 -3089 -3089 -3090 -3093 -3098 -3102 -3107 -3113 -3119 -3124 -3129 -3136 -3143 -3149 -3156 -3162 -3168 -3172 -3176 -3180 -3183 -3185 -3187 -3188 -3189 -3190 -3189 -3188 -3186 -3183 -3179 -3175 -3170 -3166 -3161 -3154 -3147 -3140 -3133 -3127 -3121 -3116 -3111 -3106 -3100 -3095 -3090 -3086 -3083 -3080 -3077 -3068 -3071 -3072 -3077 -3084 -3081 -3082 -3084 -3086 -3086
-3197 -3193 -3187 -3178 -3169 -3158 -3148 -3138 -3128 -3122 -3115 -3108 -3102 -3098 -3094 -3093 -3094 -3094 -3095 -3099 -3103 -3108 -3113 -3118 -3124 -3128 -3133 -3139 -3146 -3152 -3158 -3164 -3169 -3172 -3176 -3180 -3182 -3185 -3187 -3188 -3189 -3189 -3189 -3188 -3186 -3183 -3180 -3176 -3171 -3168 -3163 -3157 -3150 -3143 -3136 -3130 -3124 -3120 -3115 -3109 -3104 -3099 -3095 -3091 -3087 -3085 -3082 -3078 -3077 -3075 -3076 -3085 -3083 -3082 -3085 -3086 -3087
-3199 -3195 -3190 -3181 -3171 -3161 -3151 -3140 -3131 -3125 -3118 -3112 -3107 -3104 -3102 -3101 -3102 -3103 -3105 -3109 -3114 -3119 -3123 -3128 -3132 -3136 -3140 -3145 -3151 -3156 -3161 -3166 -3171 -3173 -3177 -3180 -3182 -3185 -3186 -3188 -3189 -3189 -3189 -3188 -3186 -3184 -3181 -3178 -3173 -3171 -3166 -3160 -3154 -3148 -3142 -3135 -3129 -3125 -3121 -3116 -3111 -3106 -3102 -3098 -3095 -3093 -3091 -3087 -3084 -3081 -3080 -3082 -3082 -3076 -3083 -3087 -3087
-3201 -3198 -3192 -3184 -3173 -3163 -3153 -3142 -3133 -3127 -3121 -3117 -3113 -3110 -3109 -3110 -3112 -3114 -3117 -3122 -3127 -3132 -3136 -3139 -3142 -3145 -3149 -3153 -3158 -3162 -3166 -3169 -3173 -3175 -3178 -3180 -3183 -3185 -3186 -3187 -3188 -3189 -3189 -3188 -3187 -3185 -3183 -3180 -3176 -3173 -3170 -3164 -3159 -3153 -3147 -3141 -3135 -3131 -3127 -3122 -3118 -3114 -3110 -3106 -3101 -3101 -3099 -3095 -3091 -3088 -3085 -3084 -3084 -3083 -3089 -3091 -3089
-3202 -3198 -3192 -3184 -3173 -3163 -3153 -3144 -3135 -3130 -3125 -3121 -3119 -3117 -3117 -3120 -3123 -3126 -3130 -3136 -3143 -3148 -3151 -3153 -3154 -3156 -3159 -3162 -3165 -3168 -3170 -3173 -3175 -3177 -3179 -3181 -3183 -3184 -3186 -3186 -3187 -3187 -3188 -3187 -3186 -3185 -3183 -3181 -3178 -3175 -3172 -3167 -3162 -3157 -3152 -3147 -3141 -3137 -3133 -3129 -3125 -3121 -3117 -3112 -3104 -3106 -3106 -3101 -3097 -3093 -3090 -3089 -3088 -3088 -3091 -3091 -3091
-3200 -3196 -3191 -3182 -3172 -3163 -3154 -3145 -3137 -3133 -3129 -3126 -3124 -3123 -3125 -3129 -3135 -3139 -3145 -3153 -3162 -3168 -3172 -3172 -3171 -3172 -3172 -3173 -3174 -3175 -3176 -3177 -3178 -3179 -3180 -3181 -3183 -3184 -3184 -3185 -3185 -3186 -3186 -3186 -3186 -3185 -3184 -3181 -3179 -3177 -3174 -3170 -3166 -3162 -3157 -3152 -3147 -3144 -3140 -3135 -3131 -3128 -3124 -3120 -3115 -3113 -3111 -3107 -3103 -3099 -3096 -3094 -3093 -3092 -3092 -3092 -3093
-3198 -3194 -3188 -3180 -3170 -3161 -3153 -3145 -3138 -3134 -3131 -3128 -3127 -3128 -3131 -3137 -3145 -3151 -3160 -3171 -3181 -3189 -3193 -3191 -3189 -3187 -3185 -3183 -3182 -3181 -3180 -3180 -3180 -3181 -3181 -3182 -3182 -3183 -3183 -3184 -3184 -3184 -3185 -3185 -3185 -3184 -3183 -3182 -3179 -3178 -3176 -3172 -3169 -3165 -3161 -3157 -3152 -3149 -3146 -3141 -3138 -3134 -3130 -3126 -3123 -3120 -3116 -3112 -3108 -3105 -3101 -3099 -3097 -3096 -3095 -3095 -3096
-3194 -3190 -3184 -3176 -3167 -3158 -3150 -3142 -3136 -3133 -3130 -3128 -3128 -3131 -3135 -3143 -3154 -3161 -3174 -3188 -3202 -3211 -3213 -3209 -3204 -3201 -3197 -3193 -3189 -3186 -3183 -3182 -3181 -3181 -3181 -3181 -3181 -3182 -3182 -3182 -3182 -3183 -3183 -3183 -3183 -3183 -3182 -3181 -3179 -3178 -3176 -3173 -3170 -3168 -3165 -3161 -3157 -3154 -3151 -3148 -3144 -3141 -3137 -3133 -3130 -3127 -3123 -3119 -3115 -3112 -3108 -3105 -3102 -3101 -3099 -3098 -3098
-3190 -3186 -3180 -3172 -3162 -3153 -3145 -3138 -3132 -3129 -3127 -3126 -3127 -3130 -3136 -3145 -3158 -3167 -3181 -3199 -3216 -3227 -3230 -3223 -3215 -3210 -3205 -3199 -3193 -3188 -3185 -3183 -3181 -3181 -3180 -3180 -3180 -3180 -3180 -3181 -3181 -3181 -3181 -3181 -3182 -3182 -3181 -3180 -3178 -3177 -3175 -3173 -3172 -3170 -3167 -3164 -3161 -3159 -3156 -3153 -3150 -3147 -3144 -3140 -3136 -3134 -3130 -3126 -3122 -3118 -3114 -3111 -3107 -3105 -3102 -3102 -3107
-3186 -3182 -3176 -3168 -3158 -3149 -3141 -3134 -3128 -3125 -3123 -3122 -3123 -3127 -3133 -3144 -3156 -3166 -3181 -3198 -3215 -3228 -3233 -3226 -3217 -3212 -3206 -3199 -3193 -3188 -3184 -3182 -3180 -3179 -3179 -3178 -3178 -3178 -3179 -3179 -3179 -3179 -3180 -3180 -3180 -3181 -3180 -3179 -3177 -3176 -3175 -3174 -3172 -3171 -3169 -3167 -3164 -3162 -3160 -3157 -3154 -3151 -3148 -3145 -3141 -3138 -3135 -3131 -3127 -3123 -3119 -3115 -3111 -3106 -3105 -3108 -3134
-3179 -3175 -3169 -3160 -3150 -3141 -3133 -3126 -3121 -3118 -3115 -3115 -3117 -3121 -3127 -3137 -3149 -3158 -3171 -3186 -3201 -3215 -3221 -3216 -3209 -3205 -3200 -3194 -3188 -3184 -3181 -3178 -3176 -3176 -3175 -3175 -3175 -3175 -3175 -3176 -3176 -3176 -3177 -3177 -3178 -3178 -3178 -3178 -3176 -3176 -3175 -3174 -3173 -3172 -3171 -3169 -3167 -3165 -3164 -3161 -3159 -3156 -3153 -3150 -3146 -3144 -3140 -3136 -3132 -3128 -3124 -3120 -3116 -3130 -3116 -3108 -3114
-3171 -3166 -3159 -3150 -3140 -3131 -3122 -3115 -3110 -3107 -3105 -3104 -3106 -3110 -3116 -3125 -3136 -3143 -3154 -3167 -3181 -3192 -3198 -3197 -3194 -3191 -3188 -3183 -3179 -3176 -3173 -3172 -3171 -3170 -3170 -3170 -3170 -3170 -3171 -3172 -3172 -3173 -3174 -3174 -3175 -3176 -3176 -3176 -3175 -3175 -3175 -3174 -3174 -3173 -3172 -3171 -3170 -3169 -3168 -3165 -3163 -3161 -3158 -3155 -3151 -3150 -3151 -3144 -3138 -3134 -3130 -3126 -3123 -3196 -3143 -3110 -3109
-3161 -3155 -3148 -3138 -3127 -3117 -3109 -3102 -3096 -3093 -3091 -3090 -3092 -3096 -3101 -3109 -3119 -3125 -3135 -3146 -3158 -3168 -3175 -3176 -3175 -3174 -3172 -3170 -3167 -3165 -3164 -3163 -3163 -3163 -3163 -3163 -3164 -3165 -3166 -3167 -3168 -3169 -3170 -3171 -3172 -3173 -3173 -3174 -3174 -3174 -3175 -3175 -3174 -3174 -3174 -3173 -3173 -3172 -3171 -3169 -3167 -3165 -3163 -3160 -3156 -3157 -3215 -3170 -3143 -3140 -3136 -3132 -3128 -3134 -3125 -3117 -3114
-3151 -3144 -3136 -3124 -3112 -3102 -3093 -3085 -3080 -3077 -3075 -3074 -3076 -3079 -3084 -3092 -3100 -3106 -3114 -3124 -3135 -3144 -3150 -3153 -3154 -3155 -3155 -3154 -3154 -3154 -3154 -3154 -3154 -3155 -3156 -3157 -3158 -3159 -3160 -3162 -3163 -3164 -3166 -3167 -3169 -3170 -3171 -3172 -3173 -3174 -3174 -3175 -3175 -3175 -3175 -3175 -3174 -3174 -3174 -3172 -3170 -3169 -3170 -3166 -3160 -3161 -3215 -3173 -3147 -3144 -3140 -3136 -3131 -3129 -3125 -3121 -3117
-3140 -3132 -3122 -3109 -3095 -3083 -3073 -3065 -3060 -3057 -3055 -3055 -3057 -3060 -3064 -3071 -3079 -3085 -3092 -3101 -3111 -3119 -3126 -3130 -3133 -3135 -3136 -3138 -3139 -3140 -3142 -3143 -3145 -3146 -3148 -3149 -3151 -3153 -3155 -3156 -3158 -3160 -3161 -3163 -3165 -3167 -3169 -3171 -3172 -3173 -3174 -3175 -3175 -3175 -3176 -3176 -3176 -3176 -3176 -3182 -3183 -3176 -3203 -3186 -3162 -3162 -3172 -3159 -3151 -3148 -3144 -3139 -3135 -3132 -3128 -3123 -3119
-3126 -3118 -3107 -3092 -3076 -3063 -3052 -3044 -3039 -3037 -3035 -3035 -3037 -3040 -3045 -3052 -3059 -3064 -3071 -3080 -3089 -3097 -3103 -3109 -3113 -3116 -3118 -3121 -3124 -3127 -3129 -3132 -3135 -3137 -3139 -3141 -3144 -3146 -3148 -3151 -3153 -3155 -3157 -3160 -3162 -3165 -3167 -3169 -3171 -3172 -3174 -3175 -3175 -3176 -3176 -3177 -3177 -3177 -3179 -3206 -3214 -3186 -3183 -3176 -3166 -3164 -3160 -3157 -3154 -3150 -3146 -3141 -3137 -3134 -3130 -3125 -3120
-3127 -3101 -3090 -3073 -3057 -3042 -3031 -3023 -3018 -3016 -3015 -3015 -3018 -3021 -3026 -3033 -3040 -3045 -3052 -3060 -3069 -3076 -3083 -3089 -3094 -3098 -3102 -3106 -3110 -3113 -3117 -3121 -3124 -3127 -3130 -3133 -3136 -3139 -3142 -3145 -3148 -3150 -3153 -3156 -3159 -3162 -3165 -3167 -3170 -3171 -3172 -3174 -3175 -3176 -3177 -3178 -3178 -3178 -3179 -3186 -3188 -3179 -3173 -3171 -3168 -3166 -3163 -3159 -3155 -3151 -3147 -3142 -3137 -3134 -3130 -3125 -3121
-3172 -3083 -3075 -3059 -3042 -3026 -3015 -3007 -3002 -3001 -3000 -3001 -3004 -3009 -3014 -3021 -3028 -3033 -3039 -3047 -3056 -3063 -3070 -3076 -3082 -3086 -3090 -3095 -3100 -3104 -3109 -3113 -3117 -3120 -3124 -3127 -3131 -3134 -3137 -3141 -3144 -3147 -3150 -3154 -3157 -3160 -3164 -3166 -3168 -3170 -3172 -3173 -3175 -3176 -3177 -3178 -3178 -3179 -3179 -3178 -3177 -3176 -3174 -3172 -3169 -3167 -3164 -3160 -3156 -3152 -3147 -3142 -3137 -3134 -3130 -3125 -3121
-3170 -3082 -3082 -3045 -3018 -3001 -2988 -2981 -2978 -2977 -2977 -2980 -2984 -2989 -2995 -3003 -3010 -3015 -3021 -3029 -3038 -3045 -3052 -3059 -3065 -3069 -3074 -3080 -3086 -3091 -3097 -3102 -3107 -3110 -3114 -3119 -3123 -3127 -3131 -3135 -3139 -3142 -3146 -3150 -3154 -3158 -3161 -3164 -3167 -3168 -3170 -3173 -3174 -3176 -3178 -3178 -3179 -3179 -3179 -3179 -3178 -3177 -3175 -3173 -3170 -3168 -3165 -3161 -3156 -3152 -3147 -3142 -3136 -3133 -3129 -3124 -3120
-3095 -3219 -3304 -3084 -2991 -2973 -2962 -2956 -2954 -2954 -2955 -2960 -2966 -2972 -2978 -2986 -2994 -2999 -3005 -3013 -3021 -3028 -3035 -3042 -3048 -3053 -3059 -3066 -3072 -3078 -3084 -3090 -3096 -3100 -3105 -3110 -3115 -3119 -3124 -3128 -3133 -3136 -3141 -3145 -3150 -3154 -3159 -3162 -3165 -3167 -3169 -3171 -3174 -3176 -3177 -3178 -3179 -3179 -3179 -3179 -3178 -3177 -3175 -3173 -3170 -3168 -3165 -3161 -3156 -3151 -3146 -3141 -3135 -3132 -3128 -3123 -3119
-3049 -3069 -3072 -3002 -3037 -2962 -2930 -2922 -2927 -2931 -2934 -2941 -2948 -2955 -2963 -2971 -2979 -2984 -2990 -2998 -3005 -3012 -3019 -3026 -3033 -3038 -3044 -3051 -3059 -3065 -3072 -3079 -3085 -3089 -3094 -3100 -3106 -3112 -3117 -3122 -3127 -3131 -3136 -3141 -3146 -3151 -3156 -3159 -3163 -3165 -3167 -3170 -3173 -3175 -3177 -3178 -3179 -3179 -3179 -3179 -3178 -3177 -3175 -3173 -3170 -3168 -3165 -3160 -3155 -3150 -3145 -3140 -3134 -3131 -3127 -3122 -3117
-3027 -3007 -2984 -2974 -3172 -2995 -2918 -2984 -2951 -2914 -2912 -2925 -2935 -2943 -2950 -2959 -2966 -2971 -2977 -2985 -2992 -2999 -3006 -3013 -3020 -3025 -3031 -3039 -3046 -3054 -3061 -3068 -3074 -3079 -3084 -3091 -3098 -3104 -3110 -3116 -3121 -3125 -3131 -3136 -3142 -3148 -3153 -3157 -3161 -3163 -3166 -3169 -3172 -3174 -3176 -3177 -3178 -3179 -3179 -3179 -3178 -3176 -3175 -3172 -3169 -3167 -3164 -3159 -3154 -3149 -3144 -3138 -3133 -3130 -3125 -3120 -3116
