src/uuv_eskf_nav/gebco_2025_n40.4838_s39.4745_w131.501_e132.4997.asc
ncols        240
nrows        242
xllcorner    131.500000000000
yllcorner    39.475000000000
cellsize     0.004166666667
NODATA_value -32767
[rows 204 to 237 of 242, columns 154 to 230 of 240]
-2999 -3001 -3003 -3006 -3009 -3012 -3014 -3015 -3016 -3016 -3015 -3014 -3012 -3008 -3005 -3002 -2999 -2995 -2991 -2987 -2984 -2981 -2978 -2977 -2976 -2975 -2976 -2978 -2981 -2984 -2989 -2992 -2997 -3004 -3012 -3019 -3027 -3036 -3044 -3049 -3056 -3062 -3068 -3073 -3077 -3080 -3081 -3082 -3082 -3081 -3079 -3077 -3073 -3069 -3065 -3061 -3057 -3052 -3047 -3043 -3039 -3035 -3032 -3031 -3030 -3029 -3028 -3029 -3029 -3030 -3032 -3034 -3036 -3038 -3041 -3044 -3046
-2998 -3000 -3003 -3006 -3008 -3011 -3013 -3015 -3016 -3015 -3014 -3012 -3009 -3005 -3001 -2998 -2994 -2989 -2984 -2979 -2975 -2971 -2968 -2966 -2965 -2964 -2964 -2965 -2967 -2970 -2974 -2977 -2982 -2989 -2996 -3004 -3012 -3020 -3029 -3034 -3041 -3048 -3054 -3060 -3065 -3068 -3070 -3072 -3073 -3073 -3072 -3071 -3069 -3067 -3064 -3062 -3059 -3056 -3054 -3051 -3049 -3047 -3046 -3046 -3046 -3047 -3048 -3050 -3052 -3054 -3056 -3058 -3061 -3063 -3065 -3068 -3070
-2997 -2999 -3002 -3005 -3008 -3011 -3013 -3014 -3015 -3015 -3013 -3010 -3006 -3001 -2996 -2992 -2988 -2982 -2977 -2971 -2966 -2962 -2958 -2956 -2953 -2952 -2951 -2952 -2953 -2956 -2960 -2963 -2967 -2974 -2981 -2988 -2996 -3005 -3014 -3020 -3027 -3034 -3041 -3048 -3053 -3057 -3060 -3062 -3063 -3065 -3065 -3066 -3065 -3064 -3063 -3062 -3061 -3059 -3059 -3058 -3058 -3058 -3059 -3059 -3061 -3063 -3065 -3068 -3071 -3074 -3077 -3079 -3082 -3085 -3087 -3090 -3091
-2998 -2999 -3001 -3003 -3007 -3015 -3014 -3013 -3014 -3013 -3010 -3007 -3002 -2996 -2990 -2986 -2981 -2975 -2969 -2963 -2957 -2952 -2947 -2945 -2942 -2940 -2938 -2938 -2939 -2942 -2945 -2948 -2952 -2958 -2965 -2973 -2981 -2990 -2999 -3004 -3011 -3019 -3027 -3034 -3039 -3044 -3048 -3051 -3053 -3056 -3058 -3059 -3060 -3061 -3061 -3061 -3061 -3062 -3063 -3064 -3066 -3067 -3070 -3071 -3074 -3077 -3081 -3085 -3089 -3092 -3095 -3098 -3100 -3103 -3105 -3107 -3108
-2998 -2998 -2999 -3001 -3006 -3015 -3013 -3012 -3013 -3012 -3008 -3004 -2998 -2992 -2985 -2980 -2975 -2968 -2961 -2955 -2949 -2943 -2938 -2934 -2931 -2928 -2927 -2926 -2926 -2928 -2931 -2934 -2938 -2944 -2951 -2959 -2967 -2975 -2985 -2990 -2998 -3006 -3014 -3021 -3028 -3033 -3038 -3041 -3044 -3048 -3051 -3053 -3055 -3057 -3059 -3060 -3062 -3064 -3066 -3069 -3071 -3075 -3078 -3081 -3085 -3089 -3093 -3098 -3103 -3107 -3110 -3112 -3115 -3118 -3119 -3121 -3122
-2998 -2997 -2998 -3000 -3003 -3006 -3009 -3011 -3012 -3010 -3006 -3001 -2995 -2988 -2981 -2976 -2970 -2963 -2956 -2949 -2943 -2937 -2931 -2927 -2923 -2921 -2919 -2917 -2918 -2920 -2923 -2925 -2929 -2935 -2942 -2950 -2958 -2966 -2976 -2981 -2989 -2997 -3005 -3013 -3020 -3026 -3032 -3035 -3039 -3043 -3046 -3049 -3052 -3055 -3057 -3059 -3061 -3064 -3067 -3071 -3075 -3079 -3083 -3086 -3091 -3096 -3101 -3106 -3111 -3115 -3118 -3121 -3124 -3126 -3127 -3129 -3129
-2999 -2995 -2997 -2999 -3000 -3002 -3005 -3007 -3007 -3005 -3000 -2995 -2989 -2982 -2975 -2970 -2964 -2956 -2949 -2941 -2935 -2928 -2922 -2918 -2914 -2911 -2909 -2907 -2907 -2909 -2911 -2913 -2917 -2923 -2930 -2938 -2946 -2955 -2964 -2970 -2977 -2986 -2994 -3003 -3010 -3017 -3023 -3027 -3031 -3036 -3040 -3044 -3048 -3051 -3055 -3057 -3061 -3065 -3069 -3073 -3078 -3083 -3089 -3093 -3098 -3103 -3109 -3115 -3120 -3124 -3128 -3130 -3133 -3135 -3136 -3137 -3137
-3001 -2998 -2997 -2997 -2997 -2998 -3000 -3000 -3000 -2997 -2993 -2988 -2982 -2975 -2968 -2963 -2957 -2948 -2941 -2933 -2925 -2918 -2912 -2908 -2904 -2900 -2898 -2896 -2896 -2897 -2899 -2901 -2904 -2910 -2917 -2925 -2933 -2942 -2951 -2957 -2965 -2974 -2983 -2992 -3000 -3007 -3014 -3018 -3023 -3029 -3034 -3038 -3043 -3048 -3052 -3055 -3059 -3064 -3070 -3075 -3081 -3087 -3094 -3098 -3104 -3110 -3116 -3122 -3127 -3132 -3136 -3138 -3141 -3143 -3143 -3144 -3143
-3003 -3000 -2997 -2995 -2994 -2994 -2995 -2995 -2994 -2991 -2987 -2982 -2976 -2969 -2962 -2956 -2950 -2941 -2933 -2925 -2917 -2910 -2903 -2899 -2894 -2891 -2889 -2887 -2886 -2887 -2889 -2891 -2894 -2899 -2906 -2913 -2921 -2930 -2940 -2946 -2954 -2963 -2973 -2982 -2990 -2998 -3005 -3010 -3016 -3022 -3028 -3033 -3039 -3044 -3049 -3053 -3058 -3064 -3070 -3076 -3083 -3090 -3097 -3102 -3108 -3115 -3121 -3127 -3133 -3137 -3141 -3144 -3146 -3148 -3148 -3148 -3147
-3004 -3000 -2996 -2995 -2993 -2991 -2991 -2990 -2989 -2985 -2981 -2976 -2969 -2962 -2955 -2950 -2943 -2934 -2926 -2918 -2910 -2903 -2896 -2892 -2888 -2884 -2881 -2879 -2878 -2879 -2881 -2882 -2885 -2890 -2896 -2903 -2910 -2919 -2929 -2935 -2943 -2953 -2962 -2972 -2981 -2989 -2997 -3002 -3008 -3016 -3022 -3028 -3034 -3041 -3047 -3051 -3057 -3063 -3070 -3077 -3084 -3091 -3099 -3104 -3111 -3117 -3123 -3130 -3135 -3139 -3143 -3145 -3148 -3149 -3149 -3149 -3147
-3004 -3000 -2992 -3000 -2997 -2989 -2988 -2986 -2984 -2981 -2976 -2971 -2964 -2957 -2950 -2944 -2937 -2928 -2920 -2911 -2903 -2896 -2890 -2886 -2882 -2878 -2875 -2873 -2872 -2873 -2874 -2876 -2878 -2882 -2887 -2893 -2899 -2908 -2918 -2925 -2933 -2943 -2953 -2963 -2972 -2981 -2989 -2995 -3002 -3010 -3017 -3024 -3030 -3038 -3045 -3050 -3056 -3063 -3069 -3077 -3084 -3092 -3100 -3105 -3112 -3118 -3124 -3130 -3135 -3139 -3143 -3145 -3147 -3148 -3148 -3147 -3146
-3004 -3000 -2995 -2992 -2989 -2987 -2985 -2983 -2981 -2977 -2972 -2966 -2960 -2952 -2945 -2939 -2932 -2923 -2914 -2905 -2897 -2891 -2885 -2881 -2877 -2873 -2870 -2868 -2867 -2867 -2869 -2870 -2872 -2875 -2880 -2884 -2890 -2899 -2909 -2916 -2924 -2934 -2944 -2955 -2964 -2974 -2982 -2989 -2995 -3004 -3012 -3019 -3027 -3035 -3042 -3048 -3054 -3062 -3069 -3076 -3083 -3091 -3099 -3105 -3112 -3118 -3124 -3130 -3134 -3138 -3141 -3143 -3144 -3145 -3144 -3143 -3141
-3004 -2999 -2995 -2989 -2987 -2985 -2983 -2981 -2978 -2974 -2969 -2963 -2956 -2949 -2942 -2936 -2929 -2920 -2911 -2902 -2894 -2887 -2881 -2878 -2873 -2870 -2867 -2864 -2863 -2863 -2864 -2865 -2867 -2870 -2874 -2879 -2885 -2893 -2903 -2909 -2917 -2927 -2938 -2948 -2958 -2968 -2977 -2983 -2991 -3000 -3008 -3016 -3024 -3032 -3040 -3046 -3053 -3060 -3068 -3075 -3083 -3091 -3099 -3104 -3110 -3117 -3122 -3127 -3132 -3135 -3137 -3139 -3140 -3140 -3139 -3137 -3135
-3003 -2999 -2994 -2990 -2987 -2984 -2982 -2980 -2977 -2973 -2967 -2961 -2955 -2947 -2940 -2934 -2927 -2918 -2909 -2900 -2892 -2885 -2879 -2875 -2871 -2867 -2865 -2862 -2861 -2861 -2862 -2862 -2864 -2867 -2871 -2876 -2882 -2890 -2899 -2905 -2913 -2923 -2933 -2944 -2954 -2964 -2973 -2980 -2987 -2997 -3005 -3014 -3022 -3031 -3039 -3044 -3051 -3059 -3067 -3075 -3082 -3090 -3098 -3102 -3109 -3115 -3120 -3125 -3129 -3132 -3134 -3135 -3135 -3135 -3134 -3132 -3130
-3003 -2999 -2994 -2990 -2986 -2983 -2981 -2979 -2976 -2972 -2966 -2960 -2953 -2946 -2938 -2933 -2926 -2916 -2907 -2897 -2889 -2883 -2877 -2873 -2869 -2865 -2862 -2859 -2858 -2858 -2858 -2859 -2860 -2863 -2867 -2872 -2878 -2885 -2894 -2900 -2908 -2918 -2928 -2939 -2949 -2960 -2969 -2976 -2984 -2994 -3003 -3011 -3020 -3029 -3037 -3043 -3050 -3058 -3066 -3074 -3081 -3089 -3096 -3101 -3107 -3112 -3117 -3122 -3125 -3127 -3128 -3129 -3129 -3128 -3126 -3124 -3121
-3004 -3000 -2995 -2991 -2986 -2984 -2982 -2980 -2977 -2972 -2966 -2960 -2953 -2946 -2938 -2932 -2925 -2915 -2906 -2897 -2888 -2882 -2876 -2872 -2867 -2863 -2860 -2858 -2856 -2855 -2856 -2856 -2858 -2861 -2865 -2869 -2875 -2882 -2890 -2896 -2904 -2914 -2924 -2935 -2945 -2956 -2966 -2973 -2981 -2991 -3000 -3009 -3018 -3027 -3036 -3041 -3048 -3056 -3064 -3072 -3080 -3087 -3093 -3097 -3103 -3108 -3112 -3116 -3119 -3120 -3120 -3120 -3120 -3118 -3116 -3114 -3111
-3005 -3001 -2997 -2993 -2989 -2982 -2982 -2981 -2978 -2973 -2968 -2961 -2954 -2947 -2939 -2933 -2926 -2916 -2907 -2897 -2889 -2882 -2876 -2872 -2867 -2863 -2860 -2856 -2854 -2854 -2854 -2855 -2856 -2859 -2863 -2867 -2872 -2880 -2888 -2893 -2901 -2911 -2921 -2932 -2943 -2953 -2964 -2971 -2979 -2990 -2999 -3008 -3017 -3026 -3034 -3040 -3048 -3056 -3063 -3071 -3078 -3084 -3090 -3093 -3098 -3102 -3106 -3109 -3111 -3111 -3110 -3110 -3109 -3107 -3105 -3102 -3099
-3006 -3003 -2998 -2995 -2990 -2983 -2983 -2983 -2979 -2975 -2969 -2963 -2956 -2948 -2940 -2934 -2927 -2917 -2908 -2899 -2890 -2883 -2877 -2873 -2868 -2863 -2860 -2856 -2854 -2854 -2854 -2854 -2856 -2858 -2862 -2866 -2871 -2878 -2886 -2891 -2899 -2909 -2919 -2930 -2941 -2952 -2962 -2970 -2978 -2989 -2998 -3007 -3016 -3025 -3034 -3040 -3047 -3055 -3062 -3070 -3076 -3082 -3086 -3089 -3093 -3097 -3099 -3102 -3103 -3102 -3101 -3100 -3098 -3096 -3093 -3090 -3086
-3006 -3003 -2999 -2995 -2991 -2987 -2984 -2982 -2979 -2974 -2969 -2963 -2957 -2949 -2941 -2936 -2928 -2919 -2910 -2901 -2892 -2885 -2879 -2874 -2870 -2865 -2861 -2858 -2855 -2855 -2855 -2855 -2856 -2859 -2862 -2866 -2871 -2878 -2885 -2890 -2898 -2907 -2918 -2929 -2940 -2951 -2962 -2969 -2978 -2988 -2998 -3007 -3016 -3025 -3034 -3040 -3047 -3054 -3061 -3068 -3074 -3079 -3083 -3085 -3088 -3090 -3092 -3093 -3094 -3092 -3090 -3089 -3086 -3083 -3079 -3076 -3071
-3005 -3003 -2999 -2995 -2991 -2986 -2984 -2981 -2978 -2974 -2970 -2965 -2958 -2951 -2943 -2938 -2931 -2921 -2912 -2903 -2895 -2888 -2881 -2877 -2872 -2867 -2863 -2860 -2857 -2856 -2856 -2857 -2858 -2860 -2863 -2867 -2872 -2878 -2885 -2890 -2897 -2907 -2917 -2928 -2939 -2950 -2961 -2969 -2978 -2988 -2998 -3007 -3017 -3025 -3034 -3040 -3047 -3054 -3060 -3066 -3072 -3076 -3079 -3081 -3083 -3085 -3085 -3086 -3085 -3083 -3080 -3078 -3075 -3071 -3066 -3061 -3057
-3005 -3003 -2999 -2996 -2991 -2981 -2982 -2979 -2977 -2975 -2971 -2966 -2961 -2954 -2946 -2940 -2933 -2924 -2915 -2906 -2898 -2891 -2884 -2879 -2874 -2869 -2865 -2862 -2859 -2858 -2858 -2858 -2859 -2861 -2864 -2868 -2872 -2879 -2886 -2890 -2897 -2907 -2917 -2928 -2939 -2950 -2961 -2969 -2978 -2989 -2998 -3008 -3017 -3026 -3034 -3040 -3046 -3053 -3059 -3065 -3069 -3073 -3076 -3077 -3079 -3079 -3079 -3078 -3077 -3074 -3070 -3067 -3064 -3059 -3054 -3048 -3043
-3005 -3003 -3000 -2997 -2993 -2989 -2985 -2983 -2979 -2976 -2972 -2968 -2963 -2956 -2948 -2943 -2936 -2927 -2918 -2909 -2901 -2893 -2886 -2881 -2876 -2871 -2867 -2864 -2861 -2860 -2860 -2860 -2860 -2863 -2865 -2869 -2874 -2880 -2887 -2891 -2898 -2907 -2918 -2929 -2939 -2950 -2961 -2969 -2978 -2989 -2998 -3008 -3017 -3025 -3033 -3039 -3045 -3052 -3058 -3063 -3068 -3071 -3073 -3074 -3075 -3075 -3075 -3073 -3071 -3068 -3064 -3061 -3057 -3052 -3046 -3040 -3034
-3005 -3004 -3001 -2999 -2996 -2992 -2988 -2986 -2982 -2978 -2976 -2972 -2967 -2960 -2952 -2947 -2940 -2931 -2922 -2914 -2905 -2897 -2890 -2885 -2880 -2875 -2871 -2867 -2864 -2863 -2862 -2862 -2863 -2865 -2868 -2871 -2876 -2882 -2889 -2893 -2900 -2909 -2919 -2930 -2940 -2951 -2962 -2969 -2978 -2988 -2998 -3007 -3016 -3024 -3032 -3038 -3044 -3050 -3056 -3061 -3065 -3067 -3069 -3069 -3070 -3069 -3068 -3066 -3063 -3059 -3054 -3051 -3046 -3040 -3034 -3027 -3021
-3005 -3004 -3002 -3000 -2998 -2994 -2991 -2988 -2985 -2981 -2978 -2975 -2970 -2963 -2956 -2951 -2944 -2936 -2927 -2918 -2910 -2902 -2894 -2889 -2883 -2878 -2874 -2871 -2868 -2866 -2865 -2865 -2865 -2867 -2870 -2873 -2878 -2884 -2891 -2895 -2902 -2911 -2921 -2931 -2942 -2952 -2963 -2970 -2978 -2988 -2997 -3006 -3015 -3023 -3031 -3036 -3042 -3048 -3053 -3058 -3062 -3063 -3064 -3065 -3064 -3063 -3061 -3058 -3055 -3050 -3044 -3041 -3035 -3029 -3022 -3014 -3008
-3003 -3003 -3002 -3001 -2999 -2996 -2993 -2990 -2987 -2984 -2980 -2976 -2971 -2965 -2958 -2954 -2948 -2939 -2931 -2923 -2915 -2907 -2899 -2894 -2888 -2883 -2878 -2875 -2872 -2870 -2869 -2868 -2869 -2870 -2873 -2876 -2881 -2886 -2893 -2898 -2904 -2913 -2923 -2933 -2943 -2953 -2963 -2970 -2978 -2988 -2997 -3005 -3014 -3021 -3029 -3034 -3040 -3045 -3050 -3054 -3057 -3059 -3059 -3059 -3059 -3057 -3054 -3051 -3046 -3041 -3034 -3030 -3024 -3017 -3010 -3002 -2995
-3001 -3002 -3002 -3001 -3000 -2997 -2995 -2992 -2989 -2985 -2979 -2975 -2970 -2965 -2960 -2956 -2950 -2943 -2936 -2928 -2920 -2912 -2905 -2899 -2894 -2888 -2883 -2879 -2876 -2874 -2873 -2872 -2873 -2874 -2877 -2880 -2884 -2889 -2896 -2900 -2906 -2915 -2924 -2935 -2944 -2954 -2964 -2971 -2978 -2987 -2996 -3004 -3011 -3019 -3026 -3031 -3036 -3041 -3046 -3050 -3052 -3054 -3054 -3054 -3053 -3050 -3047 -3043 -3038 -3031 -3024 -3020 -3013 -3005 -2998 -2989 -2982
-3000 -3001 -3002 -3002 -3001 -2999 -2996 -2995 -2992 -2986 -2976 -2974 -2970 -2967 -2962 -2959 -2954 -2947 -2940 -2933 -2926 -2918 -2910 -2905 -2899 -2894 -2889 -2884 -2880 -2878 -2877 -2877 -2877 -2878 -2880 -2883 -2887 -2892 -2898 -2902 -2908 -2916 -2925 -2935 -2945 -2954 -2963 -2970 -2977 -2986 -2994 -3002 -3009 -3016 -3023 -3027 -3033 -3038 -3042 -3045 -3048 -3049 -3049 -3049 -3047 -3044 -3040 -3035 -3030 -3023 -3015 -3010 -3003 -2995 -2987 -2978 -2970
-3000 -3001 -3002 -3003 -3002 -3001 -2999 -2997 -2994 -2990 -2985 -2981 -2976 -2971 -2967 -2964 -2959 -2953 -2946 -2939 -2932 -2925 -2917 -2912 -2907 -2901 -2895 -2890 -2887 -2884 -2883 -2882 -2882 -2883 -2885 -2887 -2890 -2895 -2901 -2904 -2910 -2918 -2926 -2935 -2944 -2953 -2962 -2968 -2975 -2983 -2991 -2998 -3005 -3012 -3018 -3023 -3028 -3032 -3037 -3040 -3042 -3043 -3043 -3043 -3041 -3038 -3033 -3028 -3022 -3014 -3007 -3001 -2994 -2986 -2977 -2968 -2960
-3001 -3002 -3003 -3004 -3004 -3003 -3001 -3000 -2997 -2994 -2990 -2986 -2981 -2972 -2971 -2969 -2965 -2958 -2952 -2945 -2938 -2931 -2924 -2919 -2913 -2907 -2901 -2896 -2892 -2889 -2888 -2887 -2886 -2887 -2888 -2890 -2893 -2897 -2902 -2906 -2911 -2918 -2926 -2934 -2942 -2951 -2959 -2965 -2972 -2980 -2988 -2995 -3002 -3008 -3014 -3018 -3023 -3028 -3032 -3036 -3038 -3039 -3038 -3037 -3035 -3032 -3027 -3022 -3015 -3008 -3000 -2994 -2987 -2978 -2969 -2960 -2951
-3001 -3003 -3004 -3006 -3006 -3005 -3003 -3002 -3000 -2996 -2993 -2989 -2984 -2978 -2972 -2971 -2968 -2961 -2955 -2948 -2942 -2935 -2928 -2923 -2918 -2911 -2906 -2900 -2896 -2893 -2891 -2890 -2889 -2889 -2890 -2892 -2894 -2898 -2903 -2907 -2912 -2918 -2925 -2933 -2941 -2949 -2957 -2963 -2970 -2978 -2985 -2992 -2998 -3005 -3010 -3014 -3019 -3024 -3028 -3032 -3035 -3035 -3034 -3033 -3031 -3028 -3023 -3017 -3011 -3003 -2995 -2990 -2982 -2973 -2964 -2954 -2946
-3003 -3004 -3006 -3007 -3008 -3007 -3006 -3005 -3002 -2999 -2995 -2991 -2987 -2982 -2976 -2972 -2969 -2964 -2958 -2952 -2946 -2939 -2932 -2928 -2923 -2917 -2911 -2906 -2901 -2898 -2895 -2894 -2893 -2893 -2893 -2895 -2897 -2900 -2904 -2907 -2912 -2917 -2924 -2931 -2938 -2945 -2953 -2958 -2965 -2972 -2979 -2986 -2993 -2999 -3005 -3009 -3013 -3018 -3022 -3026 -3028 -3028 -3028 -3027 -3025 -3021 -3017 -3011 -3005 -2997 -2989 -2984 -2976 -2967 -2958 -2948 -2940
-3004 -3006 -3008 -3010 -3010 -3010 -3009 -3008 -3006 -3002 -2999 -2994 -2989 -2984 -2979 -2975 -2971 -2966 -2960 -2955 -2949 -2943 -2937 -2933 -2928 -2922 -2917 -2912 -2907 -2903 -2900 -2899 -2897 -2897 -2897 -2898 -2899 -2902 -2905 -2907 -2911 -2916 -2921 -2927 -2934 -2940 -2947 -2953 -2958 -2966 -2972 -2979 -2986 -2992 -2998 -3002 -3006 -3011 -3015 -3018 -3020 -3021 -3021 -3020 -3018 -3015 -3010 -3005 -2999 -2991 -2983 -2978 -2970 -2961 -2952 -2942 -2933
-3006 -3008 -3011 -3013 -3014 -3014 -3013 -3012 -3010 -3006 -3002 -2997 -2991 -2986 -2980 -2976 -2972 -2967 -2962 -2957 -2953 -2947 -2942 -2938 -2933 -2927 -2922 -2916 -2911 -2907 -2904 -2902 -2900 -2899 -2899 -2899 -2900 -2902 -2905 -2907 -2910 -2914 -2918 -2923 -2929 -2935 -2942 -2946 -2952 -2959 -2966 -2972 -2979 -2985 -2991 -2995 -3000 -3004 -3008 -3012 -3014 -3015 -3015 -3014 -3013 -3010 -3005 -3000 -2994 -2986 -2978 -2973 -2965 -2956 -2946 -2936 -2927
-3007 -3010 -3014 -3016 -3018 -3018 -3017 -3017 -3014 -3010 -3005 -3000 -2994 -2987 -2973 -2974 -2973 -2968 -2964 -2960 -2956 -2951 -2946 -2942 -2938 -2932 -2926 -2920 -2915 -2911 -2907 -2905 -2903 -2901 -2901 -2901 -2901 -2902 -2904 -2905 -2908 -2911 -2915 -2919 -2924 -2929 -2935 -2940 -2945 -2952 -2958 -2964 -2971 -2977 -2983 -2988 -2993 -2997 -3002 -3005 -3008 -3009 -3009 -3009 -3008 -3005 -3001 -2996 -2990 -2982 -2974 -2968 -2961 -2951 -2941 -2931 -2922
