src/uuv_eskf_nav/high_res_terrain.asc
ncols         200
nrows         200
xllcorner     -500.0
yllcorner     -500.0
cellsize      5.000000000000
NODATA_value  -9999
[rows 31 to 61 of 200, columns 0 to 69 of 200]
-106.71 -106.65 -106.58 -106.51 -106.45 -106.38 -106.31 -106.24 -106.17 -106.10 -106.03 -105.96 -105.88 -105.80 -105.72 -105.63 -105.54 -105.44 -105.34 -105.23 -105.11 -104.98 -104.84 -104.69 -104.53 -104.36 -104.18 -103.98 -103.77 -103.55 -103.32 -103.08 -102.83 -102.58 -102.33 -102.08 -101.83 -101.59 -101.36 -101.15 -100.95 -100.78 -100.62 -100.50 -100.40 -100.32 -100.28 -100.26 -100.27 -100.30 -100.35 -100.43 -100.52 -100.62 -100.73 -100.85 -100.97 -101.10 -101.21 -101.33 -101.44 -101.53 -101.62 -101.70 -101.76 -101.82 -101.86 -101.90 -101.92 -101.94
-106.69 -106.62 -106.55 -106.49 -106.42 -106.35 -106.28 -106.22 -106.15 -106.07 -106.00 -105.93 -105.85 -105.77 -105.68 -105.59 -105.50 -105.40 -105.29 -105.17 -105.05 -104.91 -104.77 -104.61 -104.44 -104.25 -104.05 -103.84 -103.61 -103.38 -103.13 -102.87 -102.60 -102.33 -102.05 -101.78 -101.51 -101.25 -101.01 -100.78 -100.57 -100.38 -100.21 -100.08 -99.98 -99.90 -99.86 -99.85 -99.86 -99.90 -99.97 -100.06 -100.17 -100.29 -100.42 -100.56 -100.70 -100.85 -100.99 -101.12 -101.24 -101.36 -101.46 -101.56 -101.64 -101.71 -101.76 -101.80 -101.84 -101.86
-106.66 -106.59 -106.53 -106.46 -106.39 -106.32 -106.26 -106.19 -106.12 -106.04 -105.97 -105.89 -105.81 -105.73 -105.64 -105.55 -105.46 -105.35 -105.24 -105.12 -104.99 -104.84 -104.69 -104.52 -104.34 -104.14 -103.93 -103.70 -103.46 -103.20 -102.93 -102.65 -102.36 -102.07 -101.77 -101.48 -101.19 -100.91 -100.64 -100.39 -100.17 -99.97 -99.79 -99.65 -99.54 -99.47 -99.43 -99.42 -99.44 -99.50 -99.58 -99.68 -99.81 -99.95 -100.10 -100.26 -100.42 -100.59 -100.75 -100.90 -101.05 -101.18 -101.30 -101.41 -101.51 -101.59 -101.65 -101.71 -101.75 -101.78
-106.63 -106.57 -106.50 -106.43 -106.36 -106.30 -106.23 -106.16 -106.09 -106.01 -105.94 -105.86 -105.78 -105.70 -105.61 -105.51 -105.41 -105.30 -105.19 -105.06 -104.92 -104.77 -104.61 -104.43 -104.23 -104.02 -103.80 -103.55 -103.29 -103.02 -102.73 -102.43 -102.12 -101.80 -101.49 -101.17 -100.86 -100.56 -100.27 -100.01 -99.76 -99.55 -99.37 -99.22 -99.10 -99.03 -98.99 -98.99 -99.02 -99.08 -99.18 -99.30 -99.44 -99.60 -99.77 -99.95 -100.14 -100.32 -100.51 -100.68 -100.84 -101.00 -101.14 -101.26 -101.37 -101.46 -101.54 -101.61 -101.66 -101.70
-106.61 -106.54 -106.47 -106.40 -106.34 -106.27 -106.20 -106.13 -106.06 -105.98 -105.91 -105.83 -105.75 -105.66 -105.57 -105.47 -105.37 -105.26 -105.13 -105.00 -104.86 -104.70 -104.53 -104.34 -104.13 -103.91 -103.67 -103.41 -103.13 -102.84 -102.53 -102.21 -101.88 -101.54 -101.20 -100.86 -100.53 -100.21 -99.90 -99.62 -99.36 -99.13 -98.94 -98.78 -98.67 -98.59 -98.55 -98.55 -98.59 -98.67 -98.78 -98.91 -99.07 -99.25 -99.44 -99.65 -99.85 -100.06 -100.26 -100.45 -100.64 -100.81 -100.96 -101.10 -101.23 -101.33 -101.42 -101.50 -101.56 -101.61
-106.58 -106.51 -106.44 -106.38 -106.31 -106.24 -106.17 -106.10 -106.03 -105.95 -105.87 -105.79 -105.71 -105.62 -105.53 -105.43 -105.32 -105.21 -105.08 -104.94 -104.79 -104.63 -104.44 -104.25 -104.03 -103.79 -103.54 -103.26 -102.97 -102.66 -102.33 -101.99 -101.64 -101.28 -100.92 -100.56 -100.20 -99.86 -99.54 -99.24 -98.96 -98.72 -98.52 -98.36 -98.23 -98.15 -98.12 -98.12 -98.17 -98.26 -98.38 -98.53 -98.71 -98.90 -99.12 -99.34 -99.57 -99.79 -100.01 -100.23 -100.43 -100.62 -100.79 -100.95 -101.08 -101.20 -101.30 -101.39 -101.46 -101.51
-106.55 -106.48 -106.42 -106.35 -106.28 -106.21 -106.14 -106.07 -105.99 -105.92 -105.84 -105.76 -105.67 -105.59 -105.49 -105.39 -105.28 -105.16 -105.03 -104.88 -104.73 -104.55 -104.36 -104.16 -103.93 -103.68 -103.41 -103.12 -102.81 -102.49 -102.14 -101.78 -101.41 -101.03 -100.64 -100.26 -99.89 -99.53 -99.19 -98.87 -98.58 -98.33 -98.11 -97.94 -97.81 -97.73 -97.70 -97.71 -97.77 -97.86 -97.99 -98.16 -98.35 -98.57 -98.80 -99.04 -99.29 -99.53 -99.77 -100.01 -100.22 -100.43 -100.62 -100.79 -100.94 -101.07 -101.18 -101.27 -101.35 -101.41
-106.52 -106.45 -106.39 -106.32 -106.25 -106.18 -106.11 -106.04 -105.96 -105.89 -105.81 -105.72 -105.64 -105.55 -105.45 -105.34 -105.23 -105.11 -104.97 -104.83 -104.66 -104.48 -104.29 -104.07 -103.83 -103.57 -103.29 -102.99 -102.66 -102.32 -101.95 -101.58 -101.18 -100.78 -100.38 -99.98 -99.59 -99.21 -98.85 -98.52 -98.21 -97.95 -97.72 -97.55 -97.41 -97.33 -97.30 -97.31 -97.38 -97.48 -97.63 -97.80 -98.01 -98.24 -98.49 -98.75 -99.01 -99.28 -99.54 -99.79 -100.02 -100.24 -100.44 -100.63 -100.79 -100.93 -101.05 -101.15 -101.24 -101.31
-106.49 -106.42 -106.36 -106.29 -106.22 -106.15 -106.08 -106.00 -105.93 -105.85 -105.77 -105.69 -105.60 -105.51 -105.41 -105.30 -105.19 -105.06 -104.92 -104.77 -104.60 -104.41 -104.21 -103.98 -103.74 -103.47 -103.17 -102.86 -102.52 -102.16 -101.78 -101.38 -100.97 -100.56 -100.14 -99.72 -99.31 -98.91 -98.54 -98.19 -97.87 -97.60 -97.36 -97.18 -97.04 -96.96 -96.93 -96.94 -97.01 -97.13 -97.28 -97.47 -97.69 -97.94 -98.20 -98.47 -98.75 -99.03 -99.31 -99.57 -99.83 -100.06 -100.27 -100.47 -100.64 -100.79 -100.92 -101.03 -101.12 -101.20
-106.46 -106.40 -106.33 -106.26 -106.19 -106.12 -106.04 -105.97 -105.90 -105.82 -105.74 -105.65 -105.56 -105.47 -105.37 -105.26 -105.14 -105.01 -104.87 -104.71 -104.54 -104.35 -104.13 -103.90 -103.65 -103.37 -103.06 -102.74 -102.38 -102.01 -101.62 -101.21 -100.78 -100.35 -99.91 -99.48 -99.05 -98.64 -98.25 -97.89 -97.56 -97.28 -97.04 -96.84 -96.70 -96.62 -96.59 -96.61 -96.68 -96.80 -96.96 -97.16 -97.39 -97.65 -97.93 -98.22 -98.51 -98.81 -99.09 -99.37 -99.64 -99.88 -100.11 -100.31 -100.49 -100.65 -100.79 -100.91 -101.00 -101.08
-106.43 -106.36 -106.30 -106.23 -106.16 -106.08 -106.01 -105.94 -105.86 -105.78 -105.70 -105.62 -105.53 -105.43 -105.33 -105.22 -105.09 -104.96 -104.82 -104.66 -104.48 -104.28 -104.06 -103.82 -103.56 -103.27 -102.96 -102.62 -102.26 -101.88 -101.47 -101.05 -100.61 -100.16 -99.71 -99.26 -98.82 -98.40 -98.00 -97.62 -97.29 -96.99 -96.74 -96.55 -96.40 -96.32 -96.28 -96.31 -96.38 -96.51 -96.68 -96.89 -97.13 -97.40 -97.68 -97.98 -98.29 -98.59 -98.89 -99.18 -99.45 -99.71 -99.94 -100.16 -100.35 -100.51 -100.66 -100.78 -100.88 -100.96
-106.40 -106.33 -106.26 -106.19 -106.12 -106.05 -105.98 -105.90 -105.83 -105.75 -105.67 -105.58 -105.49 -105.39 -105.28 -105.17 -105.05 -104.91 -104.77 -104.60 -104.42 -104.22 -104.00 -103.75 -103.48 -103.19 -102.87 -102.52 -102.15 -101.76 -101.34 -100.91 -100.46 -100.00 -99.54 -99.08 -98.63 -98.19 -97.78 -97.40 -97.05 -96.75 -96.50 -96.30 -96.15 -96.06 -96.03 -96.05 -96.13 -96.26 -96.43 -96.65 -96.89 -97.17 -97.46 -97.77 -98.09 -98.40 -98.71 -99.00 -99.28 -99.55 -99.79 -100.01 -100.20 -100.37 -100.52 -100.64 -100.75 -100.83
-106.37 -106.30 -106.23 -106.16 -106.09 -106.02 -105.94 -105.87 -105.79 -105.71 -105.63 -105.54 -105.45 -105.35 -105.24 -105.13 -105.00 -104.87 -104.72 -104.55 -104.36 -104.16 -103.93 -103.69 -103.41 -103.11 -102.79 -102.44 -102.06 -101.66 -101.23 -100.79 -100.33 -99.87 -99.40 -98.93 -98.47 -98.02 -97.61 -97.22 -96.86 -96.56 -96.30 -96.09 -95.94 -95.85 -95.82 -95.84 -95.92 -96.05 -96.23 -96.44 -96.70 -96.98 -97.28 -97.59 -97.91 -98.23 -98.54 -98.84 -99.12 -99.39 -99.64 -99.86 -100.06 -100.23 -100.38 -100.50 -100.61 -100.70
-106.34 -106.27 -106.20 -106.13 -106.06 -105.98 -105.91 -105.83 -105.75 -105.67 -105.59 -105.50 -105.41 -105.31 -105.20 -105.08 -104.96 -104.82 -104.67 -104.50 -104.31 -104.10 -103.88 -103.62 -103.35 -103.04 -102.72 -102.36 -101.98 -101.57 -101.14 -100.70 -100.23 -99.76 -99.28 -98.81 -98.35 -97.90 -97.47 -97.08 -96.72 -96.41 -96.14 -95.94 -95.78 -95.69 -95.65 -95.68 -95.76 -95.89 -96.06 -96.28 -96.54 -96.82 -97.12 -97.43 -97.75 -98.07 -98.39 -98.69 -98.98 -99.25 -99.49 -99.71 -99.91 -100.09 -100.24 -100.36 -100.47 -100.55
-106.31 -106.23 -106.16 -106.09 -106.02 -105.95 -105.87 -105.79 -105.72 -105.63 -105.55 -105.46 -105.37 -105.26 -105.16 -105.04 -104.91 -104.77 -104.62 -104.45 -104.26 -104.05 -103.82 -103.57 -103.29 -102.99 -102.65 -102.30 -101.91 -101.50 -101.07 -100.62 -100.16 -99.68 -99.20 -98.73 -98.26 -97.81 -97.38 -96.98 -96.62 -96.31 -96.04 -95.83 -95.68 -95.58 -95.54 -95.56 -95.64 -95.77 -95.95 -96.16 -96.41 -96.69 -96.99 -97.30 -97.62 -97.94 -98.25 -98.56 -98.84 -99.11 -99.35 -99.57 -99.77 -99.94 -100.09 -100.21 -100.32 -100.40
-106.27 -106.20 -106.13 -106.06 -105.98 -105.91 -105.83 -105.76 -105.68 -105.59 -105.51 -105.42 -105.32 -105.22 -105.11 -104.99 -104.87 -104.73 -104.57 -104.40 -104.21 -104.00 -103.77 -103.52 -103.24 -102.93 -102.60 -102.25 -101.86 -101.45 -101.02 -100.57 -100.11 -99.63 -99.16 -98.68 -98.21 -97.76 -97.33 -96.94 -96.58 -96.26 -95.99 -95.78 -95.62 -95.52 -95.48 -95.50 -95.57 -95.70 -95.87 -96.08 -96.33 -96.60 -96.90 -97.21 -97.52 -97.83 -98.14 -98.44 -98.72 -98.98 -99.22 -99.43 -99.63 -99.79 -99.94 -100.06 -100.16 -100.24
-106.24 -106.16 -106.09 -106.02 -105.95 -105.87 -105.79 -105.72 -105.64 -105.55 -105.47 -105.37 -105.28 -105.18 -105.07 -104.95 -104.82 -104.68 -104.52 -104.35 -104.16 -103.96 -103.73 -103.47 -103.20 -102.89 -102.56 -102.21 -101.83 -101.42 -100.99 -100.55 -100.08 -99.61 -99.14 -98.67 -98.20 -97.75 -97.33 -96.93 -96.57 -96.26 -95.99 -95.78 -95.62 -95.52 -95.47 -95.49 -95.55 -95.67 -95.84 -96.04 -96.28 -96.55 -96.83 -97.13 -97.44 -97.74 -98.04 -98.33 -98.60 -98.85 -99.09 -99.30 -99.48 -99.64 -99.78 -99.90 -99.99 -100.07
-106.20 -106.13 -106.06 -105.98 -105.91 -105.83 -105.75 -105.68 -105.59 -105.51 -105.42 -105.33 -105.23 -105.13 -105.02 -104.90 -104.77 -104.63 -104.48 -104.31 -104.12 -103.91 -103.68 -103.43 -103.16 -102.86 -102.53 -102.18 -101.80 -101.40 -100.98 -100.54 -100.08 -99.62 -99.15 -98.68 -98.22 -97.78 -97.36 -96.97 -96.61 -96.30 -96.04 -95.82 -95.66 -95.56 -95.51 -95.52 -95.58 -95.69 -95.85 -96.04 -96.27 -96.52 -96.80 -97.08 -97.38 -97.67 -97.96 -98.23 -98.49 -98.74 -98.96 -99.16 -99.33 -99.49 -99.62 -99.73 -99.81 -99.88
-106.16 -106.09 -106.02 -105.94 -105.87 -105.79 -105.71 -105.63 -105.55 -105.47 -105.38 -105.28 -105.19 -105.08 -104.97 -104.85 -104.72 -104.58 -104.43 -104.26 -104.07 -103.87 -103.64 -103.40 -103.13 -102.83 -102.51 -102.16 -101.79 -101.40 -100.98 -100.55 -100.10 -99.65 -99.19 -98.73 -98.28 -97.84 -97.43 -97.05 -96.70 -96.39 -96.12 -95.91 -95.75 -95.64 -95.59 -95.59 -95.64 -95.74 -95.89 -96.07 -96.29 -96.53 -96.79 -97.06 -97.34 -97.61 -97.89 -98.15 -98.39 -98.62 -98.83 -99.02 -99.18 -99.33 -99.45 -99.55 -99.63 -99.69
-106.12 -106.05 -105.98 -105.90 -105.83 -105.75 -105.67 -105.59 -105.50 -105.42 -105.33 -105.24 -105.14 -105.03 -104.92 -104.80 -104.68 -104.54 -104.38 -104.22 -104.03 -103.83 -103.61 -103.36 -103.10 -102.81 -102.49 -102.15 -101.79 -101.41 -101.00 -100.58 -100.14 -99.70 -99.25 -98.80 -98.36 -97.94 -97.53 -97.16 -96.81 -96.51 -96.25 -96.03 -95.87 -95.76 -95.70 -95.70 -95.74 -95.83 -95.96 -96.13 -96.33 -96.55 -96.80 -97.05 -97.31 -97.57 -97.82 -98.07 -98.30 -98.51 -98.70 -98.88 -99.03 -99.16 -99.27 -99.35 -99.43 -99.48
-106.09 -106.01 -105.94 -105.86 -105.78 -105.70 -105.62 -105.54 -105.46 -105.37 -105.28 -105.19 -105.09 -104.98 -104.87 -104.75 -104.63 -104.49 -104.33 -104.17 -103.99 -103.79 -103.57 -103.33 -103.07 -102.79 -102.48 -102.15 -101.80 -101.42 -101.03 -100.62 -100.20 -99.77 -99.33 -98.90 -98.47 -98.05 -97.66 -97.29 -96.96 -96.66 -96.40 -96.19 -96.03 -95.91 -95.85 -95.83 -95.87 -95.94 -96.06 -96.21 -96.39 -96.60 -96.82 -97.06 -97.29 -97.53 -97.77 -97.99 -98.20 -98.39 -98.57 -98.73 -98.86 -98.98 -99.07 -99.15 -99.21 -99.26
-106.05 -105.97 -105.89 -105.82 -105.74 -105.66 -105.58 -105.49 -105.41 -105.32 -105.23 -105.14 -105.04 -104.93 -104.82 -104.70 -104.57 -104.44 -104.29 -104.12 -103.94 -103.75 -103.53 -103.30 -103.05 -102.77 -102.47 -102.15 -101.81 -101.45 -101.07 -100.67 -100.26 -99.85 -99.43 -99.01 -98.59 -98.19 -97.81 -97.45 -97.13 -96.83 -96.58 -96.37 -96.21 -96.09 -96.02 -96.00 -96.02 -96.08 -96.18 -96.31 -96.48 -96.66 -96.86 -97.07 -97.29 -97.50 -97.71 -97.91 -98.10 -98.28 -98.43 -98.57 -98.69 -98.79 -98.87 -98.94 -98.98 -99.02
-106.00 -105.93 -105.85 -105.77 -105.69 -105.61 -105.53 -105.45 -105.36 -105.27 -105.18 -105.08 -104.98 -104.88 -104.77 -104.65 -104.52 -104.38 -104.23 -104.07 -103.90 -103.71 -103.50 -103.27 -103.02 -102.76 -102.47 -102.16 -101.83 -101.48 -101.11 -100.73 -100.34 -99.94 -99.53 -99.13 -98.73 -98.34 -97.97 -97.63 -97.31 -97.03 -96.78 -96.57 -96.40 -96.28 -96.21 -96.17 -96.18 -96.23 -96.31 -96.43 -96.57 -96.73 -96.90 -97.09 -97.28 -97.47 -97.66 -97.84 -98.00 -98.15 -98.29 -98.41 -98.51 -98.59 -98.66 -98.71 -98.74 -98.76
-105.96 -105.88 -105.80 -105.73 -105.64 -105.56 -105.48 -105.39 -105.31 -105.22 -105.12 -105.03 -104.93 -104.82 -104.71 -104.59 -104.46 -104.33 -104.18 -104.02 -103.85 -103.66 -103.46 -103.24 -103.00 -102.74 -102.46 -102.16 -101.85 -101.51 -101.16 -100.80 -100.42 -100.03 -99.64 -99.26 -98.88 -98.50 -98.15 -97.81 -97.51 -97.23 -96.99 -96.78 -96.61 -96.49 -96.40 -96.36 -96.36 -96.39 -96.45 -96.55 -96.66 -96.80 -96.95 -97.11 -97.28 -97.44 -97.60 -97.75 -97.89 -98.02 -98.14 -98.23 -98.31 -98.38 -98.43 -98.46 -98.48 -98.49
-105.92 -105.84 -105.76 -105.68 -105.60 -105.51 -105.43 -105.34 -105.25 -105.16 -105.07 -104.97 -104.87 -104.76 -104.65 -104.53 -104.41 -104.27 -104.13 -103.97 -103.80 -103.62 -103.42 -103.20 -102.97 -102.72 -102.46 -102.17 -101.87 -101.54 -101.21 -100.86 -100.50 -100.13 -99.76 -99.39 -99.02 -98.67 -98.33 -98.00 -97.71 -97.44 -97.20 -96.99 -96.83 -96.70 -96.61 -96.55 -96.53 -96.55 -96.59 -96.66 -96.76 -96.87 -96.99 -97.13 -97.26 -97.40 -97.54 -97.66 -97.78 -97.88 -97.97 -98.05 -98.11 -98.15 -98.18 -98.20 -98.21 -98.20
-105.87 -105.79 -105.71 -105.63 -105.55 -105.46 -105.38 -105.29 -105.20 -105.11 -105.01 -104.91 -104.81 -104.70 -104.59 -104.47 -104.34 -104.21 -104.07 -103.91 -103.75 -103.57 -103.38 -103.17 -102.94 -102.70 -102.45 -102.17 -101.88 -101.57 -101.25 -100.92 -100.57 -100.22 -99.87 -99.52 -99.17 -98.83 -98.50 -98.19 -97.90 -97.64 -97.41 -97.21 -97.04 -96.90 -96.80 -96.74 -96.70 -96.70 -96.73 -96.78 -96.85 -96.93 -97.03 -97.14 -97.25 -97.35 -97.46 -97.56 -97.65 -97.73 -97.79 -97.85 -97.89 -97.91 -97.93 -97.93 -97.92 -97.90
-105.83 -105.74 -105.66 -105.58 -105.49 -105.41 -105.32 -105.23 -105.14 -105.05 -104.95 -104.85 -104.75 -104.64 -104.53 -104.41 -104.28 -104.15 -104.01 -103.85 -103.69 -103.52 -103.33 -103.13 -102.91 -102.68 -102.43 -102.17 -101.89 -101.60 -101.29 -100.97 -100.65 -100.31 -99.98 -99.64 -99.31 -98.98 -98.67 -98.37 -98.09 -97.84 -97.61 -97.41 -97.24 -97.10 -96.99 -96.91 -96.87 -96.85 -96.85 -96.88 -96.92 -96.98 -97.06 -97.13 -97.21 -97.30 -97.37 -97.44 -97.51 -97.56 -97.60 -97.63 -97.65 -97.66 -97.65 -97.64 -97.61 -97.58
-105.78 -105.70 -105.61 -105.53 -105.44 -105.35 -105.27 -105.17 -105.08 -104.99 -104.89 -104.79 -104.68 -104.57 -104.46 -104.34 -104.22 -104.08 -103.94 -103.79 -103.63 -103.46 -103.28 -103.08 -102.87 -102.65 -102.41 -102.16 -101.89 -101.61 -101.32 -101.02 -100.71 -100.39 -100.07 -99.75 -99.43 -99.12 -98.82 -98.54 -98.27 -98.02 -97.80 -97.60 -97.43 -97.28 -97.16 -97.08 -97.01 -96.98 -96.96 -96.97 -96.99 -97.02 -97.07 -97.12 -97.17 -97.22 -97.27 -97.32 -97.35 -97.38 -97.40 -97.41 -97.40 -97.39 -97.37 -97.33 -97.29 -97.24
-105.73 -105.65 -105.56 -105.48 -105.39 -105.30 -105.21 -105.12 -105.02 -104.92 -104.82 -104.72 -104.62 -104.51 -104.39 -104.27 -104.15 -104.01 -103.87 -103.73 -103.57 -103.40 -103.22 -103.03 -102.83 -102.61 -102.39 -102.14 -101.89 -101.62 -101.34 -101.06 -100.76 -100.46 -100.15 -99.85 -99.55 -99.25 -98.96 -98.69 -98.43 -98.19 -97.97 -97.77 -97.59 -97.44 -97.32 -97.22 -97.14 -97.09 -97.05 -97.03 -97.03 -97.04 -97.06 -97.08 -97.11 -97.13 -97.15 -97.17 -97.18 -97.19 -97.18 -97.17 -97.14 -97.11 -97.07 -97.02 -96.96 -96.89
-105.68 -105.60 -105.51 -105.42 -105.33 -105.24 -105.15 -105.06 -104.96 -104.86 -104.76 -104.66 -104.55 -104.44 -104.32 -104.20 -104.08 -103.94 -103.80 -103.66 -103.50 -103.34 -103.16 -102.98 -102.78 -102.57 -102.35 -102.12 -101.88 -101.62 -101.36 -101.08 -100.80 -100.51 -100.22 -99.93 -99.64 -99.36 -99.08 -98.82 -98.57 -98.33 -98.11 -97.92 -97.74 -97.58 -97.45 -97.34 -97.25 -97.18 -97.12 -97.08 -97.06 -97.04 -97.03 -97.03 -97.03 -97.03 -97.02 -97.01 -97.00 -96.98 -96.95 -96.91 -96.87 -96.81 -96.75 -96.69 -96.61 -96.53
-105.63 -105.55 -105.46 -105.37 -105.28 -105.19 -105.09 -105.00 -104.90 -104.80 -104.69 -104.59 -104.48 -104.37 -104.25 -104.13 -104.00 -103.87 -103.73 -103.59 -103.43 -103.27 -103.10 -102.92 -102.73 -102.52 -102.31 -102.09 -101.85 -101.61 -101.36 -101.09 -100.83 -100.55 -100.28 -100.00 -99.72 -99.45 -99.19 -98.93 -98.69 -98.45 -98.24 -98.04 -97.86 -97.70 -97.56 -97.43 -97.33 -97.24 -97.17 -97.11 -97.06 -97.02 -96.99 -96.96 -96.93 -96.90 -96.87 -96.84 -96.80 -96.76 -96.71 -96.65 -96.58 -96.51 -96.43 -96.35 -96.26 -96.16
