src/uuv_eskf_nav/high_res_terrain.asc
ncols         200
nrows         200
xllcorner     -500.0
yllcorner     -500.0
cellsize      5.000000000000
NODATA_value  -9999
[rows 155 to 185 of 200, columns 70 to 139 of 200]
-78.53 -78.96 -79.43 -79.92 -80.44 -80.99 -81.55 -82.13 -82.72 -83.32 -83.92 -84.53 -85.13 -85.73 -86.31 -86.89 -87.45 -88.00 -88.53 -89.04 -89.53 -89.99 -90.43 -90.85 -91.23 -91.60 -91.93 -92.24 -92.53 -92.78 -93.01 -93.22 -93.40 -93.56 -93.70 -93.82 -93.92 -94.00 -94.07 -94.13 -94.18 -94.23 -94.26 -94.30 -94.33 -94.36 -94.39 -94.41 -94.44 -94.48 -94.51 -94.54 -94.57 -94.60 -94.64 -94.66 -94.69 -94.71 -94.73 -94.75 -94.76 -94.76 -94.76 -94.75 -94.74 -94.72 -94.70 -94.68 -94.64 -94.61
-79.23 -79.64 -80.08 -80.55 -81.05 -81.57 -82.11 -82.66 -83.22 -83.80 -84.37 -84.95 -85.53 -86.10 -86.66 -87.21 -87.75 -88.28 -88.78 -89.27 -89.74 -90.19 -90.61 -91.01 -91.39 -91.74 -92.07 -92.37 -92.65 -92.90 -93.13 -93.33 -93.51 -93.67 -93.81 -93.94 -94.04 -94.13 -94.21 -94.27 -94.33 -94.38 -94.42 -94.45 -94.48 -94.51 -94.54 -94.57 -94.59 -94.62 -94.64 -94.67 -94.69 -94.71 -94.73 -94.75 -94.77 -94.78 -94.79 -94.80 -94.80 -94.79 -94.78 -94.77 -94.75 -94.73 -94.70 -94.67 -94.63 -94.60
-79.94 -80.33 -80.75 -81.20 -81.67 -82.16 -82.67 -83.20 -83.74 -84.28 -84.83 -85.38 -85.93 -86.48 -87.02 -87.54 -88.06 -88.56 -89.05 -89.51 -89.96 -90.39 -90.80 -91.19 -91.55 -91.89 -92.20 -92.50 -92.76 -93.01 -93.23 -93.44 -93.62 -93.78 -93.92 -94.04 -94.15 -94.24 -94.32 -94.39 -94.45 -94.50 -94.54 -94.58 -94.61 -94.64 -94.66 -94.69 -94.71 -94.73 -94.75 -94.77 -94.79 -94.80 -94.81 -94.82 -94.83 -94.84 -94.84 -94.83 -94.83 -94.81 -94.80 -94.78 -94.76 -94.73 -94.70 -94.66 -94.62 -94.58
-80.67 -81.03 -81.43 -81.85 -82.30 -82.77 -83.25 -83.75 -84.26 -84.78 -85.30 -85.83 -86.35 -86.87 -87.38 -87.88 -88.37 -88.85 -89.31 -89.76 -90.19 -90.60 -90.99 -91.36 -91.71 -92.03 -92.34 -92.62 -92.88 -93.12 -93.34 -93.53 -93.71 -93.87 -94.01 -94.13 -94.24 -94.34 -94.42 -94.49 -94.55 -94.60 -94.64 -94.68 -94.71 -94.74 -94.77 -94.79 -94.81 -94.82 -94.84 -94.85 -94.86 -94.87 -94.87 -94.88 -94.88 -94.88 -94.87 -94.86 -94.85 -94.83 -94.81 -94.78 -94.75 -94.72 -94.69 -94.65 -94.61 -94.57
-81.40 -81.74 -82.12 -82.51 -82.94 -83.38 -83.84 -84.31 -84.79 -85.28 -85.78 -86.27 -86.77 -87.26 -87.75 -88.22 -88.69 -89.15 -89.59 -90.01 -90.42 -90.81 -91.18 -91.54 -91.87 -92.18 -92.47 -92.74 -92.99 -93.23 -93.44 -93.63 -93.80 -93.96 -94.09 -94.22 -94.32 -94.42 -94.50 -94.57 -94.63 -94.68 -94.73 -94.77 -94.80 -94.83 -94.85 -94.87 -94.88 -94.90 -94.91 -94.91 -94.92 -94.92 -94.92 -94.92 -94.91 -94.90 -94.89 -94.88 -94.86 -94.84 -94.81 -94.78 -94.75 -94.72 -94.68 -94.64 -94.59 -94.55
-82.13 -82.46 -82.81 -83.18 -83.58 -83.99 -84.43 -84.87 -85.33 -85.79 -86.26 -86.73 -87.20 -87.66 -88.12 -88.57 -89.01 -89.44 -89.86 -90.27 -90.65 -91.02 -91.38 -91.71 -92.03 -92.33 -92.61 -92.87 -93.11 -93.33 -93.53 -93.72 -93.88 -94.03 -94.17 -94.29 -94.39 -94.49 -94.57 -94.64 -94.70 -94.75 -94.80 -94.83 -94.86 -94.89 -94.91 -94.93 -94.94 -94.95 -94.96 -94.96 -94.96 -94.96 -94.95 -94.95 -94.94 -94.92 -94.91 -94.89 -94.86 -94.84 -94.81 -94.78 -94.74 -94.70 -94.66 -94.62 -94.58 -94.53
-82.87 -83.17 -83.50 -83.85 -84.22 -84.61 -85.02 -85.44 -85.86 -86.30 -86.74 -87.18 -87.62 -88.06 -88.49 -88.92 -89.34 -89.74 -90.14 -90.52 -90.89 -91.24 -91.57 -91.89 -92.19 -92.47 -92.74 -92.99 -93.22 -93.43 -93.62 -93.80 -93.96 -94.11 -94.24 -94.35 -94.46 -94.55 -94.63 -94.70 -94.76 -94.81 -94.85 -94.89 -94.92 -94.94 -94.96 -94.97 -94.98 -94.99 -94.99 -94.99 -94.99 -94.99 -94.98 -94.97 -94.95 -94.93 -94.91 -94.89 -94.86 -94.83 -94.80 -94.77 -94.73 -94.69 -94.65 -94.60 -94.56 -94.51
-83.60 -83.88 -84.19 -84.51 -84.86 -85.23 -85.60 -86.00 -86.40 -86.80 -87.22 -87.63 -88.05 -88.46 -88.87 -89.27 -89.66 -90.04 -90.41 -90.77 -91.12 -91.45 -91.77 -92.07 -92.35 -92.62 -92.87 -93.10 -93.32 -93.52 -93.71 -93.88 -94.03 -94.17 -94.30 -94.41 -94.51 -94.60 -94.68 -94.74 -94.80 -94.85 -94.89 -94.93 -94.95 -94.98 -94.99 -95.01 -95.02 -95.02 -95.02 -95.02 -95.01 -95.00 -94.99 -94.98 -94.96 -94.94 -94.91 -94.89 -94.86 -94.83 -94.79 -94.75 -94.72 -94.67 -94.63 -94.59 -94.54 -94.49
-84.33 -84.59 -84.87 -85.17 -85.49 -85.83 -86.19 -86.55 -86.93 -87.31 -87.69 -88.08 -88.47 -88.85 -89.23 -89.61 -89.98 -90.34 -90.69 -91.02 -91.35 -91.66 -91.96 -92.24 -92.51 -92.76 -93.00 -93.22 -93.43 -93.62 -93.79 -93.95 -94.10 -94.23 -94.35 -94.46 -94.56 -94.64 -94.72 -94.78 -94.84 -94.88 -94.92 -94.96 -94.98 -95.00 -95.02 -95.03 -95.04 -95.04 -95.04 -95.03 -95.02 -95.01 -95.00 -94.98 -94.96 -94.93 -94.91 -94.88 -94.85 -94.81 -94.78 -94.74 -94.70 -94.66 -94.61 -94.57 -94.52 -94.47
-85.05 -85.28 -85.54 -85.82 -86.12 -86.43 -86.76 -87.10 -87.45 -87.80 -88.16 -88.52 -88.88 -89.24 -89.60 -89.95 -90.30 -90.63 -90.96 -91.27 -91.58 -91.87 -92.15 -92.41 -92.67 -92.90 -93.13 -93.33 -93.53 -93.71 -93.87 -94.03 -94.17 -94.29 -94.41 -94.51 -94.60 -94.68 -94.75 -94.81 -94.86 -94.91 -94.95 -94.98 -95.00 -95.02 -95.04 -95.04 -95.05 -95.05 -95.05 -95.04 -95.03 -95.01 -95.00 -94.98 -94.95 -94.93 -94.90 -94.87 -94.84 -94.80 -94.76 -94.72 -94.68 -94.64 -94.59 -94.55 -94.50 -94.45
-85.75 -85.96 -86.20 -86.46 -86.73 -87.02 -87.33 -87.64 -87.96 -88.29 -88.62 -88.96 -89.29 -89.63 -89.96 -90.29 -90.61 -90.92 -91.22 -91.52 -91.80 -92.08 -92.34 -92.58 -92.82 -93.04 -93.25 -93.45 -93.63 -93.80 -93.95 -94.10 -94.23 -94.35 -94.45 -94.55 -94.64 -94.71 -94.78 -94.84 -94.89 -94.93 -94.97 -94.99 -95.02 -95.03 -95.05 -95.05 -95.05 -95.05 -95.05 -95.04 -95.03 -95.01 -94.99 -94.97 -94.95 -94.92 -94.89 -94.86 -94.82 -94.79 -94.75 -94.71 -94.66 -94.62 -94.57 -94.53 -94.48 -94.43
-86.43 -86.63 -86.85 -87.08 -87.33 -87.60 -87.88 -88.17 -88.46 -88.77 -89.07 -89.38 -89.70 -90.01 -90.31 -90.62 -90.91 -91.20 -91.49 -91.76 -92.02 -92.28 -92.52 -92.75 -92.97 -93.18 -93.37 -93.56 -93.73 -93.88 -94.03 -94.16 -94.29 -94.40 -94.50 -94.59 -94.67 -94.74 -94.81 -94.86 -94.91 -94.95 -94.98 -95.00 -95.03 -95.04 -95.05 -95.06 -95.06 -95.05 -95.05 -95.03 -95.02 -95.00 -94.98 -94.96 -94.93 -94.91 -94.87 -94.84 -94.81 -94.77 -94.73 -94.69 -94.64 -94.60 -94.55 -94.50 -94.45 -94.40
-87.10 -87.28 -87.47 -87.69 -87.92 -88.16 -88.42 -88.68 -88.95 -89.23 -89.51 -89.80 -90.09 -90.37 -90.66 -90.94 -91.21 -91.48 -91.74 -92.00 -92.24 -92.48 -92.70 -92.91 -93.12 -93.31 -93.49 -93.66 -93.82 -93.97 -94.10 -94.23 -94.34 -94.45 -94.54 -94.63 -94.70 -94.77 -94.83 -94.88 -94.92 -94.96 -94.99 -95.01 -95.03 -95.04 -95.05 -95.05 -95.05 -95.05 -95.04 -95.03 -95.01 -94.99 -94.97 -94.95 -94.92 -94.89 -94.86 -94.82 -94.79 -94.75 -94.71 -94.67 -94.62 -94.58 -94.53 -94.48 -94.43 -94.38
-87.75 -87.91 -88.08 -88.28 -88.48 -88.71 -88.94 -89.18 -89.43 -89.68 -89.94 -90.20 -90.47 -90.73 -90.99 -91.25 -91.50 -91.75 -91.99 -92.22 -92.45 -92.67 -92.88 -93.07 -93.26 -93.44 -93.61 -93.77 -93.91 -94.05 -94.18 -94.29 -94.40 -94.49 -94.58 -94.66 -94.73 -94.79 -94.85 -94.89 -94.93 -94.97 -94.99 -95.02 -95.03 -95.04 -95.05 -95.05 -95.05 -95.04 -95.03 -95.02 -95.00 -94.98 -94.96 -94.93 -94.90 -94.87 -94.84 -94.81 -94.77 -94.73 -94.69 -94.65 -94.60 -94.56 -94.51 -94.46 -94.41 -94.36
-88.37 -88.51 -88.67 -88.85 -89.03 -89.23 -89.44 -89.66 -89.89 -90.12 -90.36 -90.60 -90.84 -91.08 -91.31 -91.55 -91.78 -92.01 -92.23 -92.45 -92.65 -92.85 -93.05 -93.23 -93.40 -93.57 -93.72 -93.87 -94.00 -94.13 -94.24 -94.35 -94.45 -94.54 -94.62 -94.69 -94.76 -94.82 -94.86 -94.91 -94.94 -94.97 -95.00 -95.02 -95.03 -95.04 -95.04 -95.04 -95.04 -95.03 -95.02 -95.01 -94.99 -94.97 -94.94 -94.92 -94.89 -94.86 -94.82 -94.79 -94.75 -94.71 -94.67 -94.63 -94.58 -94.53 -94.49 -94.44 -94.39 -94.34
-88.98 -89.10 -89.24 -89.39 -89.56 -89.74 -89.93 -90.13 -90.33 -90.54 -90.76 -90.97 -91.19 -91.41 -91.63 -91.84 -92.06 -92.26 -92.47 -92.66 -92.85 -93.04 -93.21 -93.38 -93.54 -93.69 -93.83 -93.96 -94.09 -94.21 -94.31 -94.41 -94.50 -94.58 -94.66 -94.72 -94.78 -94.84 -94.88 -94.92 -94.95 -94.98 -95.00 -95.02 -95.03 -95.04 -95.04 -95.04 -95.03 -95.02 -95.01 -94.99 -94.97 -94.95 -94.93 -94.90 -94.87 -94.84 -94.80 -94.77 -94.73 -94.69 -94.65 -94.60 -94.56 -94.51 -94.47 -94.42 -94.37 -94.32
-89.55 -89.66 -89.78 -89.92 -90.07 -90.23 -90.40 -90.57 -90.76 -90.95 -91.14 -91.34 -91.53 -91.73 -91.93 -92.12 -92.32 -92.51 -92.69 -92.87 -93.04 -93.21 -93.37 -93.52 -93.67 -93.81 -93.94 -94.06 -94.17 -94.28 -94.38 -94.47 -94.55 -94.63 -94.69 -94.75 -94.81 -94.86 -94.90 -94.93 -94.96 -94.98 -95.00 -95.02 -95.03 -95.03 -95.03 -95.03 -95.02 -95.01 -95.00 -94.98 -94.96 -94.94 -94.91 -94.88 -94.85 -94.82 -94.78 -94.75 -94.71 -94.67 -94.63 -94.58 -94.54 -94.49 -94.44 -94.39 -94.34 -94.29
-90.11 -90.20 -90.30 -90.42 -90.55 -90.69 -90.84 -91.00 -91.17 -91.33 -91.51 -91.68 -91.86 -92.04 -92.22 -92.40 -92.57 -92.74 -92.91 -93.07 -93.23 -93.38 -93.52 -93.66 -93.80 -93.92 -94.04 -94.15 -94.25 -94.35 -94.44 -94.52 -94.60 -94.67 -94.73 -94.78 -94.83 -94.87 -94.91 -94.94 -94.97 -94.99 -95.00 -95.02 -95.02 -95.02 -95.02 -95.02 -95.01 -95.00 -94.98 -94.96 -94.94 -94.92 -94.89 -94.86 -94.83 -94.80 -94.77 -94.73 -94.69 -94.65 -94.61 -94.56 -94.52 -94.47 -94.42 -94.37 -94.32 -94.27
-90.63 -90.71 -90.80 -90.90 -91.02 -91.14 -91.27 -91.41 -91.55 -91.71 -91.86 -92.02 -92.18 -92.34 -92.50 -92.65 -92.81 -92.96 -93.11 -93.26 -93.40 -93.54 -93.67 -93.80 -93.92 -94.03 -94.14 -94.24 -94.33 -94.42 -94.50 -94.58 -94.64 -94.70 -94.76 -94.81 -94.85 -94.89 -94.92 -94.95 -94.97 -94.99 -95.00 -95.01 -95.02 -95.02 -95.02 -95.01 -95.00 -94.99 -94.97 -94.95 -94.93 -94.90 -94.88 -94.85 -94.82 -94.78 -94.75 -94.71 -94.67 -94.63 -94.59 -94.54 -94.50 -94.45 -94.40 -94.35 -94.30 -94.25
-91.13 -91.20 -91.27 -91.36 -91.46 -91.56 -91.68 -91.80 -91.93 -92.06 -92.19 -92.33 -92.47 -92.62 -92.76 -92.90 -93.04 -93.18 -93.31 -93.44 -93.57 -93.70 -93.81 -93.93 -94.03 -94.14 -94.23 -94.32 -94.41 -94.49 -94.56 -94.63 -94.69 -94.74 -94.79 -94.84 -94.87 -94.91 -94.94 -94.96 -94.98 -94.99 -95.00 -95.01 -95.01 -95.01 -95.01 -95.00 -94.99 -94.97 -94.96 -94.94 -94.91 -94.89 -94.86 -94.83 -94.80 -94.76 -94.73 -94.69 -94.65 -94.61 -94.56 -94.52 -94.47 -94.43 -94.38 -94.33 -94.28 -94.23
-91.61 -91.66 -91.72 -91.79 -91.87 -91.96 -92.06 -92.17 -92.28 -92.39 -92.51 -92.63 -92.76 -92.88 -93.01 -93.14 -93.26 -93.38 -93.50 -93.62 -93.73 -93.84 -93.95 -94.05 -94.15 -94.24 -94.32 -94.40 -94.48 -94.55 -94.62 -94.68 -94.73 -94.78 -94.82 -94.86 -94.90 -94.92 -94.95 -94.97 -94.99 -95.00 -95.00 -95.01 -95.01 -95.01 -95.00 -94.99 -94.98 -94.96 -94.94 -94.92 -94.90 -94.87 -94.84 -94.81 -94.78 -94.74 -94.71 -94.67 -94.63 -94.59 -94.54 -94.50 -94.45 -94.41 -94.36 -94.31 -94.26 -94.21
-92.05 -92.09 -92.14 -92.20 -92.27 -92.34 -92.43 -92.52 -92.61 -92.71 -92.81 -92.92 -93.03 -93.14 -93.25 -93.36 -93.47 -93.58 -93.68 -93.79 -93.89 -93.98 -94.08 -94.17 -94.25 -94.33 -94.41 -94.48 -94.55 -94.61 -94.67 -94.72 -94.77 -94.81 -94.85 -94.89 -94.92 -94.94 -94.96 -94.98 -94.99 -95.00 -95.00 -95.01 -95.00 -95.00 -94.99 -94.98 -94.97 -94.95 -94.93 -94.91 -94.88 -94.85 -94.83 -94.79 -94.76 -94.73 -94.69 -94.65 -94.61 -94.57 -94.52 -94.48 -94.43 -94.38 -94.34 -94.29 -94.24 -94.18
-92.47 -92.50 -92.54 -92.58 -92.64 -92.70 -92.77 -92.84 -92.93 -93.01 -93.10 -93.19 -93.28 -93.38 -93.47 -93.57 -93.67 -93.76 -93.85 -93.94 -94.03 -94.12 -94.20 -94.28 -94.35 -94.43 -94.49 -94.56 -94.62 -94.67 -94.72 -94.77 -94.81 -94.85 -94.88 -94.91 -94.93 -94.96 -94.97 -94.99 -95.00 -95.00 -95.00 -95.00 -95.00 -94.99 -94.98 -94.97 -94.95 -94.94 -94.92 -94.89 -94.87 -94.84 -94.81 -94.78 -94.74 -94.71 -94.67 -94.63 -94.59 -94.55 -94.50 -94.46 -94.41 -94.36 -94.32 -94.27 -94.21 -94.16
-92.87 -92.89 -92.91 -92.95 -92.99 -93.04 -93.09 -93.15 -93.22 -93.29 -93.37 -93.44 -93.52 -93.61 -93.69 -93.77 -93.85 -93.93 -94.02 -94.09 -94.17 -94.25 -94.32 -94.39 -94.45 -94.51 -94.57 -94.63 -94.68 -94.73 -94.77 -94.81 -94.85 -94.88 -94.91 -94.93 -94.95 -94.97 -94.98 -94.99 -95.00 -95.00 -95.00 -95.00 -95.00 -94.99 -94.98 -94.96 -94.94 -94.92 -94.90 -94.88 -94.85 -94.82 -94.79 -94.76 -94.73 -94.69 -94.65 -94.61 -94.57 -94.53 -94.48 -94.44 -94.39 -94.34 -94.29 -94.24 -94.19 -94.14
-93.24 -93.25 -93.26 -93.28 -93.32 -93.35 -93.40 -93.45 -93.50 -93.56 -93.62 -93.68 -93.75 -93.82 -93.89 -93.96 -94.03 -94.10 -94.17 -94.24 -94.30 -94.37 -94.43 -94.49 -94.54 -94.60 -94.65 -94.70 -94.74 -94.78 -94.82 -94.85 -94.88 -94.91 -94.93 -94.95 -94.97 -94.99 -95.00 -95.00 -95.01 -95.01 -95.00 -95.00 -94.99 -94.98 -94.97 -94.95 -94.93 -94.91 -94.89 -94.87 -94.84 -94.81 -94.78 -94.74 -94.71 -94.67 -94.63 -94.59 -94.55 -94.51 -94.46 -94.42 -94.37 -94.32 -94.27 -94.22 -94.17 -94.12
-93.59 -93.58 -93.59 -93.60 -93.62 -93.65 -93.68 -93.72 -93.76 -93.81 -93.86 -93.91 -93.96 -94.02 -94.08 -94.14 -94.20 -94.26 -94.31 -94.37 -94.43 -94.48 -94.53 -94.58 -94.63 -94.68 -94.72 -94.76 -94.80 -94.83 -94.87 -94.89 -94.92 -94.94 -94.96 -94.98 -94.99 -95.00 -95.01 -95.01 -95.01 -95.01 -95.01 -95.00 -94.99 -94.98 -94.96 -94.94 -94.92 -94.90 -94.88 -94.85 -94.82 -94.79 -94.76 -94.73 -94.69 -94.65 -94.62 -94.57 -94.53 -94.49 -94.44 -94.40 -94.35 -94.30 -94.25 -94.20 -94.15 -94.10
-93.91 -93.90 -93.89 -93.90 -93.91 -93.93 -93.95 -93.97 -94.01 -94.04 -94.08 -94.12 -94.16 -94.21 -94.26 -94.30 -94.35 -94.40 -94.45 -94.50 -94.54 -94.59 -94.63 -94.68 -94.72 -94.75 -94.79 -94.82 -94.85 -94.88 -94.91 -94.93 -94.95 -94.97 -94.99 -95.00 -95.01 -95.01 -95.02 -95.02 -95.02 -95.01 -95.01 -95.00 -94.98 -94.97 -94.95 -94.94 -94.91 -94.89 -94.87 -94.84 -94.81 -94.78 -94.75 -94.71 -94.68 -94.64 -94.60 -94.56 -94.51 -94.47 -94.43 -94.38 -94.33 -94.28 -94.23 -94.18 -94.13 -94.08
-94.21 -94.19 -94.18 -94.17 -94.18 -94.18 -94.20 -94.21 -94.23 -94.26 -94.29 -94.32 -94.35 -94.39 -94.42 -94.46 -94.50 -94.54 -94.58 -94.62 -94.65 -94.69 -94.73 -94.76 -94.79 -94.83 -94.86 -94.88 -94.91 -94.93 -94.95 -94.97 -94.99 -95.00 -95.01 -95.02 -95.02 -95.03 -95.03 -95.03 -95.02 -95.02 -95.01 -95.00 -94.98 -94.97 -94.95 -94.93 -94.91 -94.88 -94.86 -94.83 -94.80 -94.76 -94.73 -94.70 -94.66 -94.62 -94.58 -94.54 -94.50 -94.45 -94.41 -94.36 -94.31 -94.26 -94.21 -94.16 -94.11 -94.06
-94.49 -94.46 -94.44 -94.43 -94.42 -94.42 -94.43 -94.43 -94.45 -94.46 -94.48 -94.50 -94.53 -94.55 -94.58 -94.61 -94.64 -94.67 -94.70 -94.73 -94.76 -94.79 -94.82 -94.84 -94.87 -94.89 -94.92 -94.94 -94.96 -94.98 -94.99 -95.00 -95.02 -95.03 -95.03 -95.04 -95.04 -95.04 -95.04 -95.03 -95.03 -95.02 -95.01 -94.99 -94.98 -94.96 -94.94 -94.92 -94.90 -94.87 -94.84 -94.81 -94.78 -94.75 -94.72 -94.68 -94.64 -94.60 -94.56 -94.52 -94.48 -94.43 -94.39 -94.34 -94.29 -94.24 -94.19 -94.14 -94.09 -94.04
-94.74 -94.71 -94.69 -94.67 -94.65 -94.65 -94.64 -94.64 -94.64 -94.65 -94.66 -94.67 -94.69 -94.71 -94.73 -94.75 -94.77 -94.79 -94.81 -94.83 -94.86 -94.88 -94.90 -94.92 -94.94 -94.96 -94.98 -94.99 -95.01 -95.02 -95.03 -95.04 -95.05 -95.05 -95.05 -95.06 -95.06 -95.05 -95.05 -95.04 -95.03 -95.02 -95.01 -94.99 -94.98 -94.96 -94.94 -94.91 -94.89 -94.86 -94.83 -94.80 -94.77 -94.74 -94.70 -94.67 -94.63 -94.59 -94.55 -94.50 -94.46 -94.42 -94.37 -94.32 -94.27 -94.22 -94.17 -94.12 -94.07 -94.02
-94.98 -94.95 -94.91 -94.89 -94.87 -94.85 -94.84 -94.83 -94.83 -94.83 -94.83 -94.84 -94.84 -94.85 -94.86 -94.88 -94.89 -94.90 -94.92 -94.93 -94.95 -94.96 -94.98 -94.99 -95.01 -95.02 -95.03 -95.04 -95.05 -95.06 -95.07 -95.07 -95.07 -95.08 -95.08 -95.07 -95.07 -95.07 -95.06 -95.05 -95.04 -95.02 -95.01 -94.99 -94.97 -94.95 -94.93 -94.91 -94.88 -94.85 -94.82 -94.79 -94.76 -94.72 -94.69 -94.65 -94.61 -94.57 -94.53 -94.49 -94.44 -94.40 -94.35 -94.30 -94.25 -94.20 -94.15 -94.10 -94.05 -94.00
