src/uuv_eskf_nav/high_res_terrain.asc
ncols         200
nrows         200
xllcorner     -500.0
yllcorner     -500.0
cellsize      5.000000000000
NODATA_value  -9999
[rows 62 to 92 of 200, columns 0 to 69 of 200]
-105.58 -105.50 -105.41 -105.31 -105.22 -105.13 -105.03 -104.93 -104.83 -104.73 -104.63 -104.52 -104.41 -104.29 -104.18 -104.05 -103.93 -103.79 -103.66 -103.51 -103.36 -103.20 -103.03 -102.85 -102.67 -102.47 -102.26 -102.05 -101.82 -101.59 -101.34 -101.09 -100.84 -100.58 -100.31 -100.05 -99.78 -99.52 -99.26 -99.02 -98.78 -98.55 -98.34 -98.14 -97.96 -97.79 -97.64 -97.50 -97.39 -97.28 -97.19 -97.11 -97.04 -96.98 -96.92 -96.87 -96.82 -96.76 -96.71 -96.65 -96.59 -96.52 -96.45 -96.37 -96.29 -96.19 -96.10 -96.00 -95.89 -95.79
-105.53 -105.44 -105.35 -105.26 -105.17 -105.07 -104.97 -104.87 -104.77 -104.67 -104.56 -104.45 -104.34 -104.22 -104.10 -103.98 -103.85 -103.72 -103.58 -103.43 -103.28 -103.12 -102.96 -102.78 -102.60 -102.41 -102.21 -102.00 -101.78 -101.56 -101.32 -101.08 -100.83 -100.58 -100.33 -100.08 -99.82 -99.57 -99.32 -99.08 -98.85 -98.62 -98.41 -98.21 -98.03 -97.85 -97.69 -97.55 -97.42 -97.30 -97.19 -97.09 -97.00 -96.92 -96.84 -96.76 -96.69 -96.61 -96.53 -96.45 -96.37 -96.28 -96.19 -96.09 -95.98 -95.87 -95.76 -95.64 -95.52 -95.40
-105.48 -105.39 -105.30 -105.20 -105.11 -105.01 -104.91 -104.81 -104.70 -104.60 -104.49 -104.38 -104.26 -104.15 -104.03 -103.90 -103.77 -103.64 -103.50 -103.35 -103.20 -103.04 -102.88 -102.71 -102.53 -102.34 -102.15 -101.94 -101.73 -101.51 -101.29 -101.06 -100.82 -100.58 -100.33 -100.09 -99.84 -99.60 -99.36 -99.12 -98.89 -98.67 -98.46 -98.26 -98.07 -97.89 -97.72 -97.57 -97.42 -97.29 -97.17 -97.05 -96.94 -96.84 -96.74 -96.64 -96.54 -96.44 -96.34 -96.24 -96.14 -96.03 -95.91 -95.80 -95.68 -95.55 -95.42 -95.29 -95.15 -95.02
-105.43 -105.34 -105.25 -105.15 -105.05 -104.95 -104.85 -104.75 -104.64 -104.53 -104.42 -104.31 -104.19 -104.07 -103.95 -103.82 -103.69 -103.56 -103.42 -103.27 -103.12 -102.96 -102.80 -102.63 -102.45 -102.27 -102.08 -101.88 -101.67 -101.46 -101.24 -101.02 -100.79 -100.56 -100.32 -100.08 -99.84 -99.60 -99.37 -99.14 -98.91 -98.69 -98.48 -98.28 -98.09 -97.90 -97.73 -97.56 -97.41 -97.26 -97.12 -96.99 -96.86 -96.74 -96.62 -96.50 -96.38 -96.26 -96.15 -96.02 -95.90 -95.77 -95.64 -95.50 -95.37 -95.22 -95.08 -94.93 -94.79 -94.64
-105.38 -105.29 -105.19 -105.09 -105.00 -104.89 -104.79 -104.68 -104.58 -104.47 -104.35 -104.24 -104.12 -104.00 -103.87 -103.74 -103.61 -103.48 -103.34 -103.19 -103.04 -102.88 -102.72 -102.55 -102.38 -102.19 -102.01 -101.81 -101.61 -101.40 -101.19 -100.97 -100.75 -100.52 -100.29 -100.06 -99.83 -99.59 -99.36 -99.14 -98.91 -98.70 -98.48 -98.28 -98.08 -97.89 -97.71 -97.54 -97.37 -97.21 -97.06 -96.91 -96.77 -96.63 -96.49 -96.35 -96.22 -96.08 -95.94 -95.80 -95.66 -95.51 -95.36 -95.21 -95.06 -94.90 -94.74 -94.58 -94.42 -94.26
-105.33 -105.24 -105.14 -105.04 -104.94 -104.84 -104.73 -104.62 -104.51 -104.40 -104.29 -104.17 -104.05 -103.92 -103.80 -103.67 -103.53 -103.40 -103.25 -103.11 -102.96 -102.80 -102.64 -102.47 -102.29 -102.12 -101.93 -101.74 -101.54 -101.34 -101.13 -100.91 -100.70 -100.47 -100.25 -100.02 -99.80 -99.57 -99.34 -99.12 -98.90 -98.68 -98.47 -98.26 -98.06 -97.86 -97.68 -97.49 -97.32 -97.15 -96.98 -96.82 -96.66 -96.50 -96.35 -96.20 -96.04 -95.89 -95.73 -95.58 -95.42 -95.26 -95.09 -94.93 -94.76 -94.59 -94.41 -94.24 -94.07 -93.90
-105.29 -105.19 -105.09 -104.99 -104.88 -104.78 -104.67 -104.56 -104.45 -104.34 -104.22 -104.10 -103.98 -103.85 -103.72 -103.59 -103.46 -103.32 -103.17 -103.02 -102.87 -102.72 -102.55 -102.39 -102.21 -102.03 -101.85 -101.66 -101.47 -101.27 -101.06 -100.85 -100.64 -100.42 -100.20 -99.98 -99.75 -99.53 -99.31 -99.08 -98.86 -98.65 -98.43 -98.22 -98.02 -97.82 -97.62 -97.43 -97.25 -97.07 -96.89 -96.71 -96.54 -96.37 -96.20 -96.03 -95.87 -95.70 -95.53 -95.35 -95.18 -95.00 -94.83 -94.65 -94.46 -94.28 -94.10 -93.91 -93.73 -93.54
-105.24 -105.14 -105.04 -104.94 -104.83 -104.72 -104.61 -104.50 -104.39 -104.27 -104.15 -104.03 -103.91 -103.78 -103.65 -103.52 -103.38 -103.24 -103.09 -102.94 -102.79 -102.63 -102.47 -102.30 -102.13 -101.95 -101.77 -101.58 -101.39 -101.19 -100.99 -100.78 -100.57 -100.36 -100.14 -99.92 -99.70 -99.48 -99.26 -99.04 -98.82 -98.60 -98.39 -98.17 -97.97 -97.76 -97.56 -97.36 -97.17 -96.98 -96.79 -96.60 -96.42 -96.24 -96.06 -95.87 -95.69 -95.51 -95.32 -95.14 -94.95 -94.76 -94.57 -94.38 -94.18 -93.99 -93.79 -93.60 -93.40 -93.21
-105.19 -105.09 -104.99 -104.88 -104.78 -104.67 -104.56 -104.45 -104.33 -104.21 -104.09 -103.97 -103.84 -103.71 -103.58 -103.44 -103.30 -103.16 -103.02 -102.87 -102.71 -102.55 -102.39 -102.22 -102.05 -101.87 -101.69 -101.50 -101.31 -101.11 -100.91 -100.71 -100.50 -100.29 -100.07 -99.86 -99.64 -99.42 -99.20 -98.98 -98.76 -98.54 -98.33 -98.11 -97.90 -97.69 -97.49 -97.28 -97.08 -96.88 -96.69 -96.49 -96.30 -96.10 -95.91 -95.72 -95.52 -95.33 -95.13 -94.93 -94.73 -94.53 -94.33 -94.13 -93.92 -93.71 -93.51 -93.30 -93.10 -92.89
-105.15 -105.04 -104.94 -104.84 -104.73 -104.62 -104.50 -104.39 -104.27 -104.15 -104.03 -103.91 -103.78 -103.65 -103.51 -103.37 -103.23 -103.09 -102.94 -102.79 -102.63 -102.47 -102.31 -102.14 -101.97 -101.79 -101.61 -101.42 -101.23 -101.04 -100.84 -100.63 -100.43 -100.22 -100.01 -99.79 -99.57 -99.36 -99.14 -98.92 -98.70 -98.48 -98.26 -98.05 -97.83 -97.62 -97.41 -97.20 -96.99 -96.79 -96.58 -96.38 -96.17 -95.97 -95.77 -95.56 -95.36 -95.15 -94.95 -94.74 -94.53 -94.32 -94.11 -93.89 -93.68 -93.46 -93.24 -93.03 -92.81 -92.60
-105.10 -105.00 -104.89 -104.79 -104.68 -104.57 -104.45 -104.34 -104.22 -104.10 -103.97 -103.85 -103.72 -103.58 -103.45 -103.31 -103.16 -103.02 -102.87 -102.72 -102.56 -102.40 -102.23 -102.06 -101.89 -101.71 -101.53 -101.34 -101.15 -100.96 -100.76 -100.56 -100.35 -100.15 -99.94 -99.72 -99.51 -99.29 -99.07 -98.85 -98.63 -98.42 -98.20 -97.98 -97.76 -97.55 -97.33 -97.12 -96.90 -96.69 -96.48 -96.27 -96.06 -95.85 -95.64 -95.42 -95.21 -95.00 -94.78 -94.56 -94.34 -94.12 -93.90 -93.68 -93.46 -93.23 -93.01 -92.78 -92.56 -92.34
-105.06 -104.96 -104.85 -104.74 -104.63 -104.52 -104.40 -104.29 -104.17 -104.04 -103.92 -103.79 -103.66 -103.52 -103.39 -103.24 -103.10 -102.95 -102.80 -102.65 -102.49 -102.33 -102.16 -101.99 -101.82 -101.64 -101.46 -101.27 -101.08 -100.89 -100.69 -100.49 -100.28 -100.08 -99.87 -99.65 -99.44 -99.22 -99.01 -98.79 -98.57 -98.35 -98.13 -97.91 -97.69 -97.47 -97.25 -97.04 -96.82 -96.60 -96.39 -96.17 -95.95 -95.73 -95.51 -95.30 -95.08 -94.85 -94.63 -94.41 -94.18 -93.95 -93.72 -93.49 -93.26 -93.03 -92.80 -92.57 -92.34 -92.11
-105.02 -104.92 -104.81 -104.70 -104.59 -104.47 -104.36 -104.24 -104.12 -103.99 -103.87 -103.74 -103.60 -103.47 -103.33 -103.19 -103.04 -102.89 -102.74 -102.58 -102.42 -102.26 -102.09 -101.92 -101.75 -101.57 -101.39 -101.20 -101.01 -100.82 -100.62 -100.42 -100.22 -100.01 -99.80 -99.59 -99.38 -99.16 -98.94 -98.73 -98.51 -98.29 -98.07 -97.85 -97.63 -97.40 -97.18 -96.96 -96.74 -96.52 -96.30 -96.08 -95.86 -95.63 -95.41 -95.19 -94.96 -94.73 -94.50 -94.27 -94.04 -93.81 -93.57 -93.34 -93.10 -92.86 -92.62 -92.39 -92.15 -91.91
-104.98 -104.88 -104.77 -104.66 -104.55 -104.43 -104.31 -104.19 -104.07 -103.95 -103.82 -103.69 -103.55 -103.42 -103.28 -103.13 -102.99 -102.84 -102.68 -102.52 -102.36 -102.20 -102.03 -101.86 -101.69 -101.51 -101.32 -101.14 -100.95 -100.75 -100.56 -100.36 -100.16 -99.95 -99.74 -99.53 -99.32 -99.10 -98.89 -98.67 -98.45 -98.23 -98.01 -97.79 -97.57 -97.34 -97.12 -96.90 -96.68 -96.45 -96.23 -96.00 -95.78 -95.55 -95.32 -95.09 -94.86 -94.63 -94.40 -94.16 -93.93 -93.69 -93.45 -93.21 -92.97 -92.72 -92.48 -92.24 -92.00 -91.76
-104.95 -104.84 -104.73 -104.62 -104.51 -104.39 -104.27 -104.15 -104.03 -103.90 -103.77 -103.64 -103.51 -103.37 -103.23 -103.08 -102.94 -102.78 -102.63 -102.47 -102.31 -102.15 -101.98 -101.80 -101.63 -101.45 -101.27 -101.08 -100.89 -100.70 -100.50 -100.30 -100.10 -99.90 -99.69 -99.48 -99.27 -99.05 -98.84 -98.62 -98.40 -98.18 -97.96 -97.74 -97.52 -97.30 -97.07 -96.85 -96.62 -96.40 -96.17 -95.95 -95.72 -95.49 -95.26 -95.03 -94.79 -94.56 -94.32 -94.08 -93.84 -93.60 -93.36 -93.11 -92.87 -92.62 -92.38 -92.13 -91.88 -91.64
-104.91 -104.81 -104.70 -104.59 -104.47 -104.36 -104.24 -104.12 -103.99 -103.86 -103.73 -103.60 -103.47 -103.33 -103.18 -103.04 -102.89 -102.74 -102.58 -102.42 -102.26 -102.10 -101.93 -101.76 -101.58 -101.40 -101.22 -101.03 -100.84 -100.65 -100.45 -100.25 -100.05 -99.85 -99.64 -99.43 -99.22 -99.01 -98.80 -98.58 -98.36 -98.14 -97.92 -97.70 -97.48 -97.26 -97.03 -96.81 -96.59 -96.36 -96.13 -95.91 -95.68 -95.45 -95.21 -94.98 -94.75 -94.51 -94.27 -94.03 -93.79 -93.54 -93.30 -93.05 -92.80 -92.56 -92.31 -92.06 -91.81 -91.56
-104.88 -104.78 -104.67 -104.55 -104.44 -104.32 -104.20 -104.08 -103.96 -103.83 -103.70 -103.57 -103.43 -103.29 -103.15 -103.00 -102.85 -102.70 -102.54 -102.38 -102.22 -102.06 -101.89 -101.71 -101.54 -101.36 -101.18 -100.99 -100.80 -100.61 -100.41 -100.22 -100.02 -99.81 -99.61 -99.40 -99.19 -98.98 -98.76 -98.55 -98.33 -98.12 -97.90 -97.68 -97.46 -97.24 -97.01 -96.79 -96.56 -96.34 -96.11 -95.89 -95.66 -95.43 -95.19 -94.96 -94.72 -94.49 -94.25 -94.01 -93.76 -93.52 -93.27 -93.03 -92.78 -92.53 -92.28 -92.03 -91.77 -91.52
-104.86 -104.75 -104.64 -104.53 -104.41 -104.29 -104.17 -104.05 -103.93 -103.80 -103.67 -103.53 -103.40 -103.26 -103.11 -102.97 -102.82 -102.67 -102.51 -102.35 -102.19 -102.02 -101.85 -101.68 -101.50 -101.33 -101.14 -100.96 -100.77 -100.58 -100.38 -100.19 -99.99 -99.79 -99.58 -99.37 -99.17 -98.96 -98.74 -98.53 -98.32 -98.10 -97.88 -97.67 -97.45 -97.23 -97.01 -96.78 -96.56 -96.34 -96.11 -95.89 -95.66 -95.43 -95.20 -94.96 -94.73 -94.49 -94.26 -94.02 -93.77 -93.53 -93.28 -93.04 -92.79 -92.54 -92.29 -92.03 -91.78 -91.53
-104.83 -104.72 -104.61 -104.50 -104.38 -104.27 -104.15 -104.03 -103.90 -103.77 -103.64 -103.51 -103.37 -103.23 -103.09 -102.94 -102.79 -102.64 -102.48 -102.32 -102.16 -102.00 -101.83 -101.65 -101.48 -101.30 -101.12 -100.93 -100.75 -100.56 -100.36 -100.17 -99.97 -99.77 -99.57 -99.36 -99.15 -98.95 -98.74 -98.53 -98.31 -98.10 -97.88 -97.67 -97.45 -97.23 -97.02 -96.80 -96.58 -96.35 -96.13 -95.91 -95.68 -95.45 -95.23 -95.00 -94.76 -94.53 -94.29 -94.05 -93.81 -93.57 -93.33 -93.08 -92.83 -92.58 -92.33 -92.08 -91.83 -91.58
-104.81 -104.70 -104.59 -104.48 -104.36 -104.24 -104.12 -104.00 -103.88 -103.75 -103.62 -103.48 -103.35 -103.21 -103.07 -102.92 -102.77 -102.62 -102.46 -102.30 -102.14 -101.98 -101.81 -101.64 -101.46 -101.28 -101.10 -100.92 -100.73 -100.54 -100.35 -100.16 -99.96 -99.76 -99.56 -99.36 -99.15 -98.95 -98.74 -98.53 -98.32 -98.11 -97.90 -97.69 -97.47 -97.26 -97.04 -96.83 -96.61 -96.39 -96.17 -95.95 -95.73 -95.50 -95.28 -95.05 -94.82 -94.59 -94.36 -94.12 -93.88 -93.64 -93.40 -93.16 -92.91 -92.67 -92.42 -92.17 -91.92 -91.67
-104.79 -104.68 -104.57 -104.46 -104.34 -104.23 -104.11 -103.98 -103.86 -103.73 -103.60 -103.47 -103.33 -103.19 -103.05 -102.90 -102.75 -102.60 -102.45 -102.29 -102.13 -101.96 -101.80 -101.62 -101.45 -101.27 -101.09 -100.91 -100.73 -100.54 -100.35 -100.16 -99.96 -99.76 -99.57 -99.37 -99.16 -98.96 -98.76 -98.55 -98.34 -98.14 -97.93 -97.72 -97.51 -97.30 -97.08 -96.87 -96.66 -96.44 -96.23 -96.01 -95.79 -95.57 -95.35 -95.13 -94.91 -94.68 -94.45 -94.22 -93.98 -93.75 -93.51 -93.27 -93.03 -92.78 -92.54 -92.29 -92.04 -91.79
-104.77 -104.66 -104.55 -104.44 -104.33 -104.21 -104.09 -103.97 -103.84 -103.72 -103.59 -103.45 -103.32 -103.18 -103.04 -102.89 -102.74 -102.59 -102.44 -102.28 -102.12 -101.96 -101.79 -101.62 -101.45 -101.27 -101.09 -100.91 -100.73 -100.54 -100.35 -100.16 -99.97 -99.78 -99.58 -99.38 -99.18 -98.98 -98.78 -98.58 -98.38 -98.17 -97.97 -97.76 -97.56 -97.35 -97.14 -96.93 -96.73 -96.52 -96.30 -96.09 -95.88 -95.67 -95.45 -95.23 -95.01 -94.79 -94.57 -94.34 -94.11 -93.88 -93.65 -93.41 -93.17 -92.93 -92.69 -92.45 -92.20 -91.96
-104.75 -104.64 -104.54 -104.42 -104.31 -104.20 -104.08 -103.96 -103.83 -103.71 -103.58 -103.44 -103.31 -103.17 -103.03 -102.89 -102.74 -102.59 -102.44 -102.28 -102.12 -101.96 -101.79 -101.62 -101.45 -101.28 -101.10 -100.92 -100.74 -100.56 -100.37 -100.18 -99.99 -99.80 -99.61 -99.41 -99.21 -99.02 -98.82 -98.62 -98.42 -98.22 -98.02 -97.82 -97.62 -97.42 -97.21 -97.01 -96.81 -96.60 -96.40 -96.19 -95.98 -95.77 -95.56 -95.35 -95.14 -94.92 -94.71 -94.49 -94.26 -94.04 -93.81 -93.58 -93.35 -93.11 -92.87 -92.64 -92.39 -92.15
-104.74 -104.63 -104.52 -104.41 -104.30 -104.19 -104.07 -103.95 -103.82 -103.70 -103.57 -103.44 -103.31 -103.17 -103.03 -102.89 -102.74 -102.59 -102.44 -102.28 -102.12 -101.96 -101.80 -101.63 -101.46 -101.29 -101.12 -100.94 -100.76 -100.58 -100.39 -100.21 -100.02 -99.83 -99.64 -99.45 -99.25 -99.06 -98.87 -98.67 -98.48 -98.28 -98.08 -97.89 -97.69 -97.49 -97.30 -97.10 -96.90 -96.70 -96.50 -96.30 -96.10 -95.90 -95.70 -95.49 -95.29 -95.08 -94.87 -94.65 -94.44 -94.22 -94.00 -93.77 -93.55 -93.32 -93.09 -92.85 -92.62 -92.38
-104.73 -104.62 -104.51 -104.40 -104.29 -104.18 -104.06 -103.94 -103.82 -103.70 -103.57 -103.44 -103.31 -103.17 -103.03 -102.89 -102.74 -102.60 -102.44 -102.29 -102.13 -101.97 -101.81 -101.65 -101.48 -101.31 -101.13 -100.96 -100.78 -100.60 -100.42 -100.24 -100.05 -99.87 -99.68 -99.49 -99.30 -99.11 -98.92 -98.73 -98.54 -98.35 -98.15 -97.96 -97.77 -97.58 -97.39 -97.20 -97.01 -96.81 -96.62 -96.43 -96.23 -96.04 -95.84 -95.64 -95.45 -95.24 -95.04 -94.84 -94.63 -94.42 -94.20 -93.99 -93.77 -93.54 -93.32 -93.09 -92.86 -92.63
-104.72 -104.61 -104.50 -104.40 -104.29 -104.17 -104.06 -103.94 -103.82 -103.69 -103.57 -103.44 -103.31 -103.17 -103.04 -102.90 -102.75 -102.61 -102.46 -102.30 -102.15 -101.99 -101.83 -101.67 -101.50 -101.33 -101.16 -100.99 -100.81 -100.63 -100.45 -100.27 -100.09 -99.91 -99.72 -99.54 -99.35 -99.17 -98.98 -98.79 -98.61 -98.42 -98.23 -98.05 -97.86 -97.67 -97.49 -97.30 -97.12 -96.93 -96.75 -96.56 -96.37 -96.19 -96.00 -95.81 -95.62 -95.42 -95.23 -95.03 -94.83 -94.63 -94.42 -94.22 -94.00 -93.79 -93.57 -93.35 -93.13 -92.91
-104.71 -104.60 -104.50 -104.39 -104.28 -104.17 -104.05 -103.94 -103.82 -103.70 -103.57 -103.44 -103.31 -103.18 -103.04 -102.91 -102.76 -102.62 -102.47 -102.32 -102.17 -102.01 -101.85 -101.69 -101.52 -101.36 -101.19 -101.02 -100.84 -100.67 -100.49 -100.31 -100.13 -99.95 -99.77 -99.59 -99.41 -99.23 -99.04 -98.86 -98.68 -98.50 -98.31 -98.13 -97.95 -97.77 -97.59 -97.41 -97.23 -97.06 -96.88 -96.70 -96.52 -96.34 -96.16 -95.98 -95.80 -95.61 -95.43 -95.24 -95.05 -94.85 -94.66 -94.46 -94.25 -94.05 -93.84 -93.63 -93.41 -93.20
-104.70 -104.60 -104.49 -104.39 -104.28 -104.17 -104.05 -103.94 -103.82 -103.70 -103.58 -103.45 -103.32 -103.19 -103.06 -102.92 -102.78 -102.63 -102.49 -102.34 -102.19 -102.03 -101.87 -101.71 -101.55 -101.39 -101.22 -101.05 -100.88 -100.71 -100.53 -100.36 -100.18 -100.00 -99.82 -99.65 -99.47 -99.29 -99.11 -98.93 -98.75 -98.57 -98.40 -98.22 -98.05 -97.87 -97.70 -97.52 -97.35 -97.18 -97.01 -96.84 -96.67 -96.50 -96.32 -96.15 -95.98 -95.80 -95.63 -95.45 -95.26 -95.08 -94.89 -94.70 -94.51 -94.32 -94.12 -93.91 -93.71 -93.50
-104.69 -104.59 -104.49 -104.39 -104.28 -104.17 -104.06 -103.94 -103.83 -103.71 -103.58 -103.46 -103.33 -103.20 -103.07 -102.93 -102.79 -102.65 -102.51 -102.36 -102.21 -102.06 -101.90 -101.74 -101.58 -101.42 -101.25 -101.09 -100.92 -100.75 -100.57 -100.40 -100.23 -100.05 -99.88 -99.70 -99.52 -99.35 -99.17 -99.00 -98.82 -98.65 -98.48 -98.31 -98.14 -97.97 -97.80 -97.63 -97.47 -97.30 -97.14 -96.98 -96.81 -96.65 -96.49 -96.32 -96.16 -95.99 -95.82 -95.66 -95.48 -95.31 -95.13 -94.95 -94.77 -94.58 -94.39 -94.20 -94.01 -93.81
-104.69 -104.59 -104.49 -104.38 -104.28 -104.17 -104.06 -103.95 -103.83 -103.71 -103.59 -103.47 -103.34 -103.21 -103.08 -102.95 -102.81 -102.67 -102.53 -102.38 -102.23 -102.08 -101.93 -101.77 -101.61 -101.45 -101.29 -101.12 -100.95 -100.79 -100.62 -100.44 -100.27 -100.10 -99.93 -99.75 -99.58 -99.41 -99.23 -99.06 -98.89 -98.72 -98.55 -98.39 -98.22 -98.06 -97.90 -97.74 -97.58 -97.42 -97.26 -97.11 -96.95 -96.80 -96.64 -96.49 -96.33 -96.18 -96.02 -95.86 -95.70 -95.53 -95.37 -95.20 -95.03 -94.85 -94.67 -94.49 -94.30 -94.11
-104.69 -104.59 -104.49 -104.38 -104.28 -104.17 -104.06 -103.95 -103.84 -103.72 -103.60 -103.48 -103.36 -103.23 -103.10 -102.96 -102.83 -102.69 -102.55 -102.40 -102.26 -102.11 -101.95 -101.80 -101.64 -101.48 -101.32 -101.16 -100.99 -100.82 -100.65 -100.48 -100.31 -100.14 -99.97 -99.80 -99.63 -99.46 -99.29 -99.12 -98.95 -98.79 -98.62 -98.46 -98.30 -98.14 -97.99 -97.83 -97.68 -97.53 -97.38 -97.23 -97.08 -96.93 -96.79 -96.64 -96.49 -96.35 -96.20 -96.05 -95.90 -95.75 -95.59 -95.43 -95.27 -95.11 -94.94 -94.77 -94.59 -94.42
