src/uuv_eskf_nav/high_res_terrain.asc
ncols         200
nrows         200
xllcorner     -500.0
yllcorner     -500.0
cellsize      5.000000000000
NODATA_value  -9999
[rows 31 to 61 of 200, columns 70 to 139 of 200]
-101.94 -101.94 -101.94 -101.93 -101.92 -101.90 -101.89 -101.87 -101.85 -101.84 -101.83 -101.81 -101.81 -101.80 -101.81 -101.81 -101.82 -101.84 -101.86 -101.89 -101.93 -101.97 -102.02 -102.08 -102.14 -102.22 -102.30 -102.39 -102.48 -102.59 -102.70 -102.82 -102.95 -103.09 -103.23 -103.38 -103.54 -103.71 -103.88 -104.06 -104.24 -104.43 -104.62 -104.82 -105.02 -105.22 -105.42 -105.63 -105.83 -106.04 -106.24 -106.44 -106.64 -106.83 -107.02 -107.21 -107.38 -107.56 -107.72 -107.87 -108.02 -108.15 -108.28 -108.39 -108.49 -108.57 -108.65 -108.70 -108.74 -108.76
-101.87 -101.88 -101.88 -101.88 -101.87 -101.86 -101.84 -101.83 -101.82 -101.81 -101.80 -101.79 -101.78 -101.78 -101.79 -101.80 -101.81 -101.83 -101.86 -101.90 -101.94 -101.98 -102.04 -102.10 -102.17 -102.25 -102.34 -102.44 -102.54 -102.66 -102.78 -102.91 -103.05 -103.20 -103.35 -103.51 -103.68 -103.86 -104.05 -104.24 -104.43 -104.63 -104.84 -105.05 -105.26 -105.48 -105.70 -105.92 -106.14 -106.35 -106.57 -106.79 -107.00 -107.21 -107.42 -107.61 -107.81 -107.99 -108.17 -108.34 -108.50 -108.65 -108.79 -108.92 -109.03 -109.13 -109.21 -109.28 -109.33 -109.36
-101.80 -101.81 -101.82 -101.82 -101.82 -101.81 -101.80 -101.79 -101.78 -101.77 -101.76 -101.76 -101.76 -101.76 -101.77 -101.78 -101.80 -101.82 -101.86 -101.89 -101.94 -101.99 -102.05 -102.12 -102.20 -102.29 -102.38 -102.49 -102.60 -102.72 -102.85 -102.99 -103.14 -103.30 -103.47 -103.64 -103.82 -104.01 -104.21 -104.41 -104.62 -104.84 -105.06 -105.28 -105.51 -105.74 -105.97 -106.21 -106.44 -106.67 -106.91 -107.14 -107.37 -107.59 -107.81 -108.03 -108.24 -108.44 -108.63 -108.82 -108.99 -109.16 -109.31 -109.45 -109.58 -109.69 -109.78 -109.86 -109.93 -109.97
-101.72 -101.74 -101.75 -101.76 -101.76 -101.75 -101.75 -101.74 -101.73 -101.73 -101.72 -101.72 -101.72 -101.73 -101.74 -101.76 -101.78 -101.81 -101.84 -101.89 -101.94 -102.00 -102.06 -102.14 -102.22 -102.32 -102.42 -102.53 -102.65 -102.79 -102.93 -103.08 -103.23 -103.40 -103.58 -103.76 -103.96 -104.16 -104.37 -104.59 -104.81 -105.04 -105.27 -105.51 -105.75 -106.00 -106.24 -106.49 -106.74 -106.99 -107.24 -107.49 -107.73 -107.97 -108.21 -108.44 -108.67 -108.88 -109.09 -109.29 -109.48 -109.67 -109.83 -109.99 -110.13 -110.26 -110.37 -110.46 -110.53 -110.59
-101.64 -101.67 -101.68 -101.69 -101.70 -101.69 -101.69 -101.69 -101.68 -101.68 -101.68 -101.68 -101.68 -101.69 -101.71 -101.73 -101.75 -101.79 -101.83 -101.87 -101.93 -101.99 -102.07 -102.15 -102.24 -102.34 -102.45 -102.57 -102.70 -102.84 -102.99 -103.15 -103.32 -103.50 -103.69 -103.88 -104.09 -104.30 -104.52 -104.75 -104.99 -105.23 -105.48 -105.73 -105.99 -106.25 -106.51 -106.78 -107.04 -107.31 -107.57 -107.83 -108.09 -108.35 -108.60 -108.85 -109.09 -109.33 -109.55 -109.77 -109.98 -110.18 -110.36 -110.53 -110.69 -110.83 -110.95 -111.06 -111.15 -111.21
-101.55 -101.58 -101.61 -101.62 -101.63 -101.63 -101.63 -101.63 -101.63 -101.62 -101.63 -101.63 -101.64 -101.65 -101.67 -101.69 -101.72 -101.76 -101.80 -101.85 -101.91 -101.98 -102.06 -102.15 -102.25 -102.36 -102.47 -102.60 -102.74 -102.89 -103.05 -103.22 -103.40 -103.58 -103.78 -103.99 -104.21 -104.44 -104.67 -104.91 -105.16 -105.42 -105.68 -105.95 -106.22 -106.50 -106.77 -107.05 -107.33 -107.62 -107.90 -108.18 -108.45 -108.73 -109.00 -109.26 -109.52 -109.77 -110.01 -110.25 -110.47 -110.68 -110.89 -111.07 -111.25 -111.40 -111.54 -111.66 -111.76 -111.84
-101.46 -101.50 -101.52 -101.54 -101.55 -101.56 -101.56 -101.56 -101.56 -101.56 -101.57 -101.57 -101.58 -101.60 -101.62 -101.64 -101.68 -101.72 -101.77 -101.82 -101.89 -101.96 -102.05 -102.14 -102.25 -102.36 -102.49 -102.62 -102.77 -102.93 -103.10 -103.27 -103.46 -103.66 -103.87 -104.09 -104.32 -104.56 -104.81 -105.07 -105.33 -105.60 -105.87 -106.16 -106.44 -106.73 -107.03 -107.32 -107.62 -107.92 -108.21 -108.51 -108.80 -109.09 -109.38 -109.66 -109.94 -110.21 -110.47 -110.72 -110.96 -111.19 -111.41 -111.61 -111.80 -111.97 -112.13 -112.27 -112.38 -112.48
-101.36 -101.40 -101.43 -101.45 -101.47 -101.48 -101.48 -101.48 -101.49 -101.49 -101.50 -101.51 -101.52 -101.54 -101.56 -101.59 -101.63 -101.67 -101.72 -101.78 -101.85 -101.93 -102.02 -102.13 -102.24 -102.36 -102.49 -102.63 -102.79 -102.95 -103.13 -103.32 -103.52 -103.73 -103.95 -104.18 -104.43 -104.68 -104.94 -105.21 -105.48 -105.77 -106.06 -106.35 -106.66 -106.96 -107.27 -107.58 -107.89 -108.21 -108.52 -108.83 -109.15 -109.45 -109.76 -110.06 -110.35 -110.63 -110.91 -111.18 -111.44 -111.69 -111.92 -112.15 -112.35 -112.54 -112.71 -112.86 -112.99 -113.10
-101.26 -101.30 -101.33 -101.36 -101.38 -101.39 -101.40 -101.40 -101.41 -101.41 -101.42 -101.43 -101.44 -101.46 -101.49 -101.52 -101.56 -101.61 -101.67 -101.73 -101.81 -101.89 -101.99 -102.10 -102.21 -102.34 -102.48 -102.63 -102.80 -102.97 -103.16 -103.36 -103.57 -103.79 -104.02 -104.26 -104.52 -104.78 -105.05 -105.33 -105.62 -105.92 -106.23 -106.54 -106.86 -107.18 -107.50 -107.83 -108.16 -108.49 -108.82 -109.15 -109.47 -109.80 -110.12 -110.44 -110.75 -111.05 -111.35 -111.63 -111.91 -112.18 -112.43 -112.67 -112.89 -113.10 -113.29 -113.45 -113.60 -113.72
-101.14 -101.19 -101.23 -101.26 -101.28 -101.29 -101.30 -101.31 -101.31 -101.32 -101.33 -101.34 -101.36 -101.38 -101.41 -101.45 -101.49 -101.54 -101.60 -101.67 -101.75 -101.84 -101.94 -102.05 -102.18 -102.31 -102.46 -102.62 -102.79 -102.97 -103.17 -103.38 -103.60 -103.83 -104.07 -104.33 -104.59 -104.87 -105.15 -105.45 -105.75 -106.06 -106.38 -106.71 -107.04 -107.38 -107.72 -108.06 -108.40 -108.75 -109.10 -109.44 -109.79 -110.13 -110.47 -110.80 -111.13 -111.45 -111.77 -112.07 -112.37 -112.65 -112.92 -113.18 -113.42 -113.64 -113.85 -114.03 -114.19 -114.33
-101.03 -101.08 -101.12 -101.15 -101.17 -101.18 -101.19 -101.20 -101.21 -101.22 -101.23 -101.24 -101.26 -101.29 -101.32 -101.35 -101.40 -101.46 -101.52 -101.59 -101.68 -101.77 -101.88 -102.00 -102.13 -102.27 -102.42 -102.59 -102.77 -102.96 -103.16 -103.38 -103.61 -103.85 -104.11 -104.37 -104.65 -104.94 -105.24 -105.54 -105.86 -106.19 -106.52 -106.86 -107.21 -107.56 -107.91 -108.27 -108.63 -109.00 -109.36 -109.72 -110.08 -110.44 -110.80 -111.15 -111.50 -111.83 -112.17 -112.49 -112.80 -113.11 -113.39 -113.67 -113.93 -114.17 -114.39 -114.59 -114.77 -114.92
-100.90 -100.95 -100.99 -101.02 -101.05 -101.06 -101.07 -101.08 -101.09 -101.10 -101.11 -101.13 -101.15 -101.18 -101.21 -101.25 -101.30 -101.36 -101.42 -101.50 -101.59 -101.69 -101.80 -101.92 -102.06 -102.20 -102.37 -102.54 -102.73 -102.93 -103.14 -103.37 -103.61 -103.86 -104.12 -104.40 -104.69 -104.99 -105.30 -105.62 -105.95 -106.29 -106.64 -106.99 -107.35 -107.72 -108.09 -108.46 -108.84 -109.22 -109.60 -109.98 -110.36 -110.73 -111.11 -111.48 -111.84 -112.20 -112.55 -112.89 -113.22 -113.54 -113.85 -114.14 -114.42 -114.67 -114.91 -115.13 -115.32 -115.49
-100.77 -100.82 -100.86 -100.89 -100.91 -100.93 -100.94 -100.95 -100.96 -100.97 -100.98 -101.00 -101.02 -101.05 -101.08 -101.13 -101.18 -101.24 -101.31 -101.39 -101.48 -101.59 -101.70 -101.83 -101.97 -102.12 -102.29 -102.47 -102.67 -102.87 -103.10 -103.33 -103.58 -103.84 -104.12 -104.41 -104.71 -105.02 -105.34 -105.67 -106.02 -106.37 -106.73 -107.10 -107.48 -107.86 -108.24 -108.63 -109.02 -109.42 -109.82 -110.21 -110.61 -111.00 -111.39 -111.78 -112.16 -112.53 -112.90 -113.26 -113.61 -113.95 -114.27 -114.58 -114.88 -115.15 -115.41 -115.64 -115.85 -116.03
-100.62 -100.68 -100.72 -100.75 -100.77 -100.78 -100.80 -100.81 -100.81 -100.83 -100.84 -100.86 -100.88 -100.91 -100.94 -100.99 -101.04 -101.10 -101.18 -101.26 -101.36 -101.46 -101.58 -101.72 -101.86 -102.02 -102.20 -102.38 -102.59 -102.80 -103.03 -103.28 -103.53 -103.81 -104.09 -104.39 -104.70 -105.02 -105.36 -105.70 -106.06 -106.43 -106.80 -107.18 -107.57 -107.97 -108.37 -108.77 -109.18 -109.59 -110.01 -110.42 -110.83 -111.24 -111.65 -112.05 -112.45 -112.84 -113.23 -113.60 -113.97 -114.32 -114.67 -115.00 -115.31 -115.60 -115.87 -116.12 -116.35 -116.55
-100.47 -100.52 -100.56 -100.59 -100.61 -100.62 -100.63 -100.64 -100.65 -100.66 -100.68 -100.69 -100.72 -100.75 -100.78 -100.83 -100.88 -100.95 -101.03 -101.11 -101.21 -101.32 -101.45 -101.58 -101.74 -101.90 -102.08 -102.27 -102.48 -102.71 -102.94 -103.20 -103.46 -103.74 -104.04 -104.35 -104.67 -105.00 -105.35 -105.71 -106.08 -106.46 -106.84 -107.24 -107.64 -108.05 -108.47 -108.89 -109.31 -109.74 -110.16 -110.59 -111.02 -111.45 -111.87 -112.29 -112.71 -113.12 -113.52 -113.91 -114.30 -114.67 -115.03 -115.37 -115.70 -116.01 -116.30 -116.57 -116.81 -117.02
-100.30 -100.35 -100.39 -100.42 -100.44 -100.45 -100.46 -100.47 -100.47 -100.48 -100.50 -100.51 -100.54 -100.57 -100.60 -100.65 -100.71 -100.77 -100.85 -100.94 -101.04 -101.16 -101.29 -101.43 -101.58 -101.75 -101.94 -102.14 -102.35 -102.58 -102.83 -103.09 -103.37 -103.66 -103.96 -104.28 -104.61 -104.96 -105.31 -105.68 -106.06 -106.46 -106.86 -107.27 -107.68 -108.11 -108.54 -108.97 -109.41 -109.85 -110.29 -110.74 -111.18 -111.62 -112.06 -112.50 -112.93 -113.35 -113.77 -114.19 -114.59 -114.98 -115.35 -115.71 -116.06 -116.39 -116.69 -116.97 -117.23 -117.45
-100.13 -100.17 -100.21 -100.23 -100.25 -100.26 -100.26 -100.27 -100.28 -100.28 -100.30 -100.31 -100.34 -100.37 -100.40 -100.45 -100.51 -100.58 -100.66 -100.75 -100.85 -100.97 -101.10 -101.25 -101.41 -101.58 -101.77 -101.98 -102.20 -102.44 -102.69 -102.96 -103.24 -103.54 -103.85 -104.18 -104.52 -104.88 -105.25 -105.63 -106.02 -106.42 -106.84 -107.26 -107.69 -108.13 -108.57 -109.02 -109.47 -109.93 -110.38 -110.84 -111.30 -111.76 -112.21 -112.67 -113.11 -113.56 -113.99 -114.42 -114.84 -115.24 -115.63 -116.01 -116.37 -116.72 -117.04 -117.33 -117.60 -117.84
-99.94 -99.98 -100.01 -100.03 -100.04 -100.05 -100.05 -100.05 -100.06 -100.06 -100.08 -100.09 -100.11 -100.14 -100.18 -100.23 -100.29 -100.35 -100.44 -100.53 -100.64 -100.76 -100.89 -101.04 -101.20 -101.38 -101.58 -101.79 -102.02 -102.26 -102.52 -102.79 -103.09 -103.39 -103.71 -104.05 -104.40 -104.77 -105.15 -105.54 -105.94 -106.36 -106.78 -107.22 -107.66 -108.11 -108.57 -109.03 -109.49 -109.96 -110.44 -110.91 -111.38 -111.86 -112.33 -112.79 -113.26 -113.71 -114.16 -114.61 -115.04 -115.46 -115.87 -116.26 -116.64 -117.00 -117.33 -117.64 -117.92 -118.18
-99.74 -99.77 -99.79 -99.81 -99.82 -99.82 -99.82 -99.82 -99.82 -99.82 -99.83 -99.85 -99.87 -99.90 -99.93 -99.98 -100.04 -100.11 -100.19 -100.29 -100.39 -100.52 -100.65 -100.81 -100.97 -101.16 -101.36 -101.57 -101.80 -102.05 -102.32 -102.60 -102.90 -103.21 -103.54 -103.89 -104.25 -104.63 -105.02 -105.42 -105.83 -106.26 -106.69 -107.14 -107.59 -108.06 -108.53 -109.00 -109.48 -109.96 -110.45 -110.94 -111.42 -111.91 -112.39 -112.88 -113.35 -113.83 -114.29 -114.75 -115.20 -115.63 -116.06 -116.46 -116.85 -117.22 -117.57 -117.90 -118.19 -118.46
-99.52 -99.55 -99.56 -99.57 -99.57 -99.57 -99.57 -99.56 -99.56 -99.56 -99.57 -99.58 -99.60 -99.63 -99.66 -99.71 -99.77 -99.84 -99.92 -100.02 -100.12 -100.25 -100.39 -100.54 -100.71 -100.90 -101.10 -101.32 -101.56 -101.82 -102.09 -102.38 -102.68 -103.00 -103.34 -103.69 -104.06 -104.45 -104.85 -105.26 -105.68 -106.12 -106.57 -107.02 -107.49 -107.96 -108.45 -108.93 -109.42 -109.92 -110.42 -110.92 -111.42 -111.92 -112.42 -112.91 -113.41 -113.89 -114.37 -114.84 -115.30 -115.75 -116.19 -116.61 -117.01 -117.40 -117.76 -118.09 -118.40 -118.68
-99.29 -99.30 -99.31 -99.32 -99.31 -99.30 -99.30 -99.29 -99.28 -99.28 -99.28 -99.29 -99.31 -99.33 -99.37 -99.41 -99.47 -99.54 -99.62 -99.72 -99.83 -99.95 -100.09 -100.25 -100.42 -100.61 -100.82 -101.05 -101.29 -101.55 -101.82 -102.12 -102.43 -102.76 -103.10 -103.46 -103.84 -104.23 -104.64 -105.06 -105.49 -105.94 -106.40 -106.87 -107.34 -107.83 -108.32 -108.82 -109.32 -109.83 -110.34 -110.86 -111.37 -111.88 -112.39 -112.90 -113.41 -113.91 -114.40 -114.88 -115.36 -115.82 -116.27 -116.70 -117.12 -117.51 -117.88 -118.23 -118.55 -118.83
-99.04 -99.05 -99.05 -99.04 -99.03 -99.02 -99.00 -98.99 -98.98 -98.97 -98.97 -98.98 -98.99 -99.01 -99.05 -99.09 -99.15 -99.22 -99.30 -99.39 -99.50 -99.63 -99.77 -99.93 -100.10 -100.30 -100.51 -100.73 -100.98 -101.24 -101.52 -101.82 -102.14 -102.47 -102.83 -103.19 -103.58 -103.98 -104.39 -104.82 -105.27 -105.72 -106.19 -106.67 -107.16 -107.65 -108.16 -108.67 -109.18 -109.70 -110.22 -110.75 -111.27 -111.80 -112.32 -112.84 -113.36 -113.87 -114.37 -114.87 -115.35 -115.83 -116.29 -116.73 -117.16 -117.56 -117.95 -118.30 -118.63 -118.93
-98.77 -98.77 -98.76 -98.75 -98.73 -98.71 -98.69 -98.67 -98.66 -98.64 -98.64 -98.64 -98.65 -98.67 -98.70 -98.74 -98.80 -98.86 -98.94 -99.04 -99.15 -99.28 -99.42 -99.58 -99.75 -99.95 -100.16 -100.39 -100.64 -100.91 -101.19 -101.50 -101.82 -102.16 -102.51 -102.89 -103.28 -103.69 -104.11 -104.55 -105.00 -105.46 -105.94 -106.43 -106.92 -107.43 -107.94 -108.46 -108.99 -109.52 -110.05 -110.59 -111.13 -111.66 -112.19 -112.73 -113.25 -113.78 -114.29 -114.80 -115.29 -115.78 -116.25 -116.70 -117.14 -117.55 -117.95 -118.31 -118.65 -118.95
-98.49 -98.48 -98.46 -98.43 -98.41 -98.38 -98.35 -98.33 -98.31 -98.29 -98.28 -98.28 -98.29 -98.30 -98.33 -98.37 -98.42 -98.49 -98.56 -98.66 -98.77 -98.89 -99.04 -99.20 -99.37 -99.57 -99.78 -100.01 -100.27 -100.54 -100.82 -101.13 -101.46 -101.80 -102.17 -102.55 -102.94 -103.36 -103.79 -104.23 -104.69 -105.16 -105.65 -106.14 -106.65 -107.17 -107.69 -108.22 -108.75 -109.29 -109.84 -110.38 -110.93 -111.47 -112.02 -112.56 -113.10 -113.63 -114.15 -114.67 -115.18 -115.67 -116.15 -116.61 -117.06 -117.48 -117.88 -118.25 -118.60 -118.91
-98.19 -98.16 -98.14 -98.10 -98.07 -98.03 -98.00 -97.97 -97.94 -97.92 -97.90 -97.90 -97.90 -97.91 -97.93 -97.97 -98.02 -98.08 -98.16 -98.25 -98.36 -98.48 -98.62 -98.78 -98.96 -99.16 -99.37 -99.61 -99.86 -100.13 -100.42 -100.74 -101.07 -101.41 -101.78 -102.17 -102.57 -102.99 -103.43 -103.88 -104.34 -104.82 -105.31 -105.82 -106.33 -106.86 -107.39 -107.93 -108.47 -109.02 -109.57 -110.12 -110.68 -111.24 -111.79 -112.34 -112.89 -113.43 -113.96 -114.48 -115.00 -115.50 -115.99 -116.46 -116.91 -117.34 -117.75 -118.12 -118.47 -118.79
-97.87 -97.83 -97.80 -97.75 -97.71 -97.67 -97.62 -97.59 -97.55 -97.52 -97.50 -97.49 -97.49 -97.50 -97.51 -97.55 -97.59 -97.65 -97.73 -97.82 -97.92 -98.04 -98.19 -98.34 -98.52 -98.72 -98.93 -99.17 -99.42 -99.70 -99.99 -100.30 -100.64 -100.99 -101.36 -101.75 -102.16 -102.58 -103.02 -103.48 -103.95 -104.44 -104.94 -105.45 -105.97 -106.50 -107.04 -107.59 -108.14 -108.70 -109.26 -109.82 -110.38 -110.94 -111.51 -112.06 -112.62 -113.17 -113.71 -114.24 -114.76 -115.27 -115.76 -116.24 -116.70 -117.13 -117.55 -117.93 -118.28 -118.60
-97.54 -97.49 -97.44 -97.39 -97.33 -97.28 -97.23 -97.18 -97.14 -97.11 -97.08 -97.06 -97.05 -97.06 -97.07 -97.10 -97.14 -97.20 -97.27 -97.35 -97.46 -97.58 -97.72 -97.88 -98.05 -98.25 -98.46 -98.70 -98.95 -99.23 -99.52 -99.84 -100.18 -100.53 -100.90 -101.30 -101.71 -102.14 -102.58 -103.05 -103.52 -104.02 -104.52 -105.04 -105.57 -106.10 -106.65 -107.20 -107.76 -108.33 -108.89 -109.46 -110.03 -110.60 -111.17 -111.74 -112.30 -112.85 -113.40 -113.94 -114.47 -114.98 -115.48 -115.96 -116.42 -116.86 -117.28 -117.67 -118.02 -118.35
-97.19 -97.13 -97.07 -97.00 -96.94 -96.88 -96.82 -96.76 -96.72 -96.67 -96.64 -96.62 -96.60 -96.60 -96.61 -96.63 -96.67 -96.72 -96.79 -96.87 -96.97 -97.09 -97.23 -97.38 -97.56 -97.75 -97.97 -98.20 -98.46 -98.73 -99.03 -99.34 -99.68 -100.04 -100.42 -100.81 -101.23 -101.66 -102.11 -102.58 -103.06 -103.55 -104.06 -104.59 -105.12 -105.66 -106.21 -106.77 -107.34 -107.91 -108.48 -109.06 -109.64 -110.21 -110.79 -111.36 -111.93 -112.49 -113.04 -113.58 -114.11 -114.63 -115.13 -115.62 -116.08 -116.53 -116.95 -117.34 -117.70 -118.02
-96.83 -96.75 -96.68 -96.61 -96.53 -96.46 -96.39 -96.33 -96.27 -96.22 -96.18 -96.15 -96.13 -96.12 -96.13 -96.14 -96.18 -96.22 -96.29 -96.37 -96.46 -96.58 -96.71 -96.86 -97.04 -97.23 -97.44 -97.68 -97.93 -98.21 -98.50 -98.82 -99.16 -99.52 -99.89 -100.29 -100.71 -101.15 -101.60 -102.07 -102.55 -103.05 -103.57 -104.09 -104.63 -105.18 -105.74 -106.30 -106.87 -107.45 -108.03 -108.61 -109.19 -109.77 -110.35 -110.93 -111.50 -112.06 -112.62 -113.17 -113.70 -114.22 -114.73 -115.22 -115.69 -116.13 -116.55 -116.94 -117.30 -117.63
-96.45 -96.37 -96.28 -96.20 -96.11 -96.03 -95.95 -95.88 -95.82 -95.76 -95.71 -95.67 -95.65 -95.63 -95.63 -95.64 -95.67 -95.71 -95.77 -95.84 -95.93 -96.04 -96.17 -96.32 -96.49 -96.68 -96.90 -97.13 -97.38 -97.66 -97.95 -98.27 -98.61 -98.97 -99.34 -99.74 -100.16 -100.60 -101.06 -101.53 -102.02 -102.52 -103.04 -103.57 -104.11 -104.66 -105.22 -105.79 -106.37 -106.95 -107.53 -108.12 -108.70 -109.29 -109.87 -110.45 -111.03 -111.59 -112.15 -112.70 -113.24 -113.76 -114.27 -114.76 -115.23 -115.67 -116.09 -116.49 -116.85 -117.17
-96.07 -95.97 -95.87 -95.78 -95.68 -95.59 -95.50 -95.42 -95.35 -95.28 -95.23 -95.18 -95.15 -95.13 -95.12 -95.12 -95.14 -95.18 -95.23 -95.30 -95.39 -95.49 -95.62 -95.77 -95.93 -96.12 -96.33 -96.56 -96.81 -97.08 -97.38 -97.69 -98.03 -98.39 -98.77 -99.17 -99.59 -100.03 -100.48 -100.96 -101.45 -101.95 -102.47 -103.01 -103.55 -104.11 -104.67 -105.24 -105.82 -106.40 -106.99 -107.58 -108.17 -108.76 -109.34 -109.93 -110.50 -111.07 -111.64 -112.19 -112.73 -113.25 -113.76 -114.25 -114.72 -115.16 -115.58 -115.97 -116.33 -116.66
