src/uuv_eskf_nav/terrain_with_noise.asc
ncols         240
nrows         242
xllcorner     131.5
yllcorner     39.475
cellsize      0.004166666667
NODATA_value  -32767.0
[rows 0 to 27 of 242, columns 126 to 188 of 240]
-3286.80 -3293.51 -3305.05 -3309.23 -3313.49 -3314.73 -3315.50 -3316.93 -3316.38 -3314.23 -3308.76 -3305.45 -3300.36 -3296.08 -3286.35 -3276.95 -3263.71 -3241.55 -3218.46 -3203.83 -3188.23 -3164.20 -3140.84 -3121.01 -3101.81 -3080.74 -3061.99 -3048.56 -3034.22 -3023.18 -3015.63 -3012.99 -3014.16 -3025.85 -3040.63 -3051.65 -3071.26 -3095.86 -3119.50 -3143.17 -3170.06 -3196.74 -3221.16 -3236.79 -3253.46 -3269.46 -3283.14 -3294.97 -3302.47 -3305.55 -3305.67 -3305.70 -3303.53 -3305.76 -3307.46 -3307.09 -3306.74 -3310.33 -3314.05 -3317.83 -3320.39 -3325.28 -3329.17
-3286.95 -3295.07 -3304.47 -3311.73 -3316.75 -3318.99 -3320.94 -3323.21 -3320.05 -3314.57 -3310.88 -3306.50 -3300.92 -3294.47 -3286.34 -3277.64 -3263.28 -3245.93 -3226.00 -3212.86 -3196.43 -3175.65 -3154.56 -3136.73 -3119.12 -3100.48 -3080.51 -3069.96 -3057.44 -3045.49 -3039.78 -3036.59 -3039.01 -3046.18 -3058.84 -3071.21 -3086.51 -3107.91 -3128.01 -3150.69 -3174.84 -3200.40 -3223.39 -3238.90 -3256.16 -3273.93 -3284.43 -3297.37 -3306.43 -3308.28 -3307.89 -3306.29 -3308.64 -3308.16 -3307.10 -3306.53 -3306.64 -3308.77 -3311.54 -3315.43 -3317.70 -3321.49 -3325.67
-3288.98 -3298.75 -3305.28 -3311.35 -3316.62 -3320.47 -3321.67 -3322.35 -3321.21 -3316.06 -3309.24 -3305.36 -3299.08 -3292.11 -3283.24 -3274.29 -3260.70 -3244.71 -3231.41 -3218.35 -3203.69 -3186.58 -3170.30 -3154.44 -3136.76 -3121.70 -3105.99 -3094.93 -3084.92 -3076.64 -3069.94 -3067.82 -3067.10 -3073.49 -3084.46 -3094.67 -3108.08 -3123.00 -3143.49 -3163.87 -3185.41 -3208.15 -3229.70 -3243.90 -3257.14 -3274.19 -3287.98 -3299.46 -3305.53 -3309.62 -3308.65 -3309.62 -3309.86 -3310.50 -3308.34 -3308.28 -3308.61 -3307.59 -3309.71 -3313.05 -3315.08 -3316.28 -3319.90
-3294.13 -3300.45 -3307.07 -3309.25 -3315.14 -3318.23 -3320.09 -3319.85 -3318.55 -3313.65 -3304.92 -3300.42 -3296.16 -3287.95 -3277.57 -3267.77 -3256.86 -3245.37 -3232.14 -3223.05 -3210.77 -3195.60 -3182.31 -3168.05 -3156.19 -3143.05 -3131.47 -3120.99 -3113.30 -3108.44 -3103.34 -3098.11 -3099.05 -3103.90 -3111.21 -3117.75 -3127.66 -3143.39 -3158.24 -3178.60 -3198.44 -3217.96 -3237.65 -3249.80 -3261.52 -3276.32 -3290.68 -3299.75 -3304.13 -3307.08 -3310.46 -3310.34 -3311.18 -3311.41 -3310.66 -3309.68 -3308.14 -3310.23 -3310.28 -3311.38 -3311.61 -3311.36 -3314.75
-3299.46 -3303.13 -3307.61 -3312.33 -3313.13 -3316.07 -3317.85 -3317.11 -3313.05 -3306.51 -3300.97 -3295.81 -3291.25 -3282.86 -3273.95 -3265.12 -3257.44 -3246.17 -3235.63 -3226.74 -3216.70 -3201.81 -3189.33 -3181.40 -3169.05 -3157.67 -3148.80 -3143.95 -3138.86 -3133.50 -3130.68 -3127.07 -3125.95 -3129.54 -3135.01 -3138.21 -3148.20 -3158.51 -3173.25 -3190.50 -3211.44 -3229.81 -3244.00 -3255.28 -3267.37 -3281.41 -3291.47 -3300.50 -3305.91 -3306.80 -3309.13 -3309.97 -3310.94 -3312.65 -3311.83 -3309.32 -3309.75 -3310.65 -3311.10 -3307.95 -3308.06 -3309.71 -3311.41
-3303.12 -3305.97 -3309.41 -3311.02 -3313.68 -3314.22 -3315.54 -3312.68 -3305.58 -3300.45 -3295.56 -3291.67 -3285.40 -3278.52 -3272.07 -3264.04 -3256.11 -3249.87 -3240.92 -3231.86 -3222.00 -3208.80 -3200.48 -3190.14 -3182.08 -3171.21 -3165.40 -3163.39 -3158.96 -3155.93 -3154.52 -3153.24 -3151.98 -3154.09 -3159.71 -3162.81 -3167.88 -3177.58 -3189.99 -3205.37 -3222.41 -3237.28 -3251.72 -3260.37 -3273.80 -3284.73 -3293.24 -3301.27 -3306.02 -3306.76 -3308.51 -3311.28 -3312.31 -3311.21 -3309.32 -3309.49 -3309.35 -3309.98 -3308.23 -3306.50 -3304.85 -3304.93 -3308.69
-3304.66 -3309.11 -3309.10 -3311.22 -3313.48 -3314.09 -3310.72 -3306.85 -3302.74 -3295.34 -3290.24 -3285.65 -3281.69 -3275.54 -3268.82 -3263.02 -3257.29 -3252.48 -3245.31 -3235.89 -3226.46 -3219.12 -3209.91 -3200.33 -3191.42 -3185.58 -3179.73 -3176.89 -3176.87 -3175.67 -3174.13 -3172.23 -3173.06 -3176.77 -3182.03 -3185.05 -3187.43 -3195.40 -3207.47 -3220.62 -3233.03 -3246.42 -3259.11 -3267.71 -3276.11 -3287.78 -3296.56 -3300.89 -3305.67 -3306.47 -3309.61 -3311.17 -3312.91 -3310.31 -3308.32 -3308.41 -3308.56 -3305.49 -3305.19 -3303.42 -3299.00 -3301.09 -3304.33
-3305.64 -3308.17 -3308.63 -3310.01 -3312.20 -3311.47 -3307.59 -3302.97 -3297.36 -3291.08 -3283.27 -3282.12 -3278.13 -3271.10 -3264.86 -3262.23 -3259.71 -3254.12 -3248.32 -3242.23 -3235.13 -3228.36 -3221.95 -3214.35 -3207.82 -3202.90 -3197.67 -3196.09 -3194.79 -3195.66 -3192.55 -3191.57 -3193.85 -3197.89 -3201.69 -3203.96 -3208.86 -3216.02 -3225.41 -3235.89 -3246.80 -3256.88 -3266.68 -3273.04 -3280.66 -3290.84 -3296.78 -3300.45 -3302.73 -3308.43 -3310.65 -3312.38 -3311.93 -3311.46 -3309.69 -3306.61 -3306.68 -3305.25 -3301.33 -3298.69 -3296.32 -3298.25 -3301.85
-3307.59 -3307.87 -3310.41 -3310.20 -3308.92 -3307.91 -3304.56 -3297.51 -3290.73 -3285.01 -3281.52 -3277.49 -3272.40 -3268.22 -3263.46 -3263.05 -3259.92 -3256.53 -3250.24 -3248.16 -3243.22 -3237.68 -3234.14 -3230.46 -3223.50 -3218.43 -3217.18 -3216.35 -3214.72 -3211.99 -3210.03 -3209.14 -3210.55 -3215.20 -3217.73 -3221.03 -3224.28 -3232.70 -3240.07 -3250.48 -3260.38 -3267.16 -3272.02 -3278.74 -3285.99 -3291.85 -3295.75 -3299.30 -3302.54 -3305.27 -3309.63 -3312.29 -3311.79 -3312.83 -3309.80 -3308.18 -3305.63 -3304.29 -3299.81 -3295.09 -3294.78 -3297.71 -3296.14
-3310.40 -3311.52 -3309.74 -3310.67 -3308.81 -3305.31 -3300.61 -3293.16 -3285.46 -3281.23 -3277.08 -3272.80 -3268.25 -3264.86 -3264.50 -3261.62 -3260.63 -3259.05 -3254.92 -3250.57 -3247.67 -3247.06 -3243.15 -3240.14 -3235.64 -3232.89 -3231.83 -3231.82 -3229.11 -3225.19 -3223.61 -3223.49 -3222.82 -3224.49 -3229.21 -3230.39 -3234.60 -3241.74 -3251.95 -3260.53 -3267.13 -3274.47 -3279.43 -3284.32 -3289.77 -3293.37 -3294.83 -3298.73 -3301.17 -3304.06 -3307.26 -3311.36 -3311.66 -3309.34 -3309.64 -3309.01 -3307.21 -3302.47 -3298.54 -3296.05 -3294.35 -3295.46 -3296.92
-3312.89 -3311.49 -3311.39 -3310.00 -3309.79 -3303.69 -3294.30 -3287.84 -3281.77 -3274.68 -3269.30 -3266.03 -3262.37 -3260.46 -3261.62 -3263.20 -3262.95 -3262.00 -3260.29 -3257.12 -3258.58 -3258.06 -3256.95 -3252.95 -3252.04 -3252.16 -3250.93 -3249.80 -3248.97 -3245.37 -3242.15 -3241.04 -3240.97 -3242.63 -3243.42 -3245.30 -3247.62 -3255.29 -3263.97 -3270.63 -3277.11 -3282.28 -3289.27 -3290.66 -3294.53 -3298.48 -3299.56 -3299.70 -3301.90 -3305.25 -3308.62 -3309.50 -3309.34 -3309.45 -3308.54 -3308.48 -3305.04 -3301.26 -3298.51 -3297.22 -3296.30 -3295.43 -3298.82
-3309.96 -3311.66 -3311.40 -3311.05 -3307.88 -3301.13 -3293.22 -3283.69 -3277.80 -3269.31 -3262.76 -3259.54 -3256.92 -3254.28 -3258.98 -3263.13 -3265.26 -3264.39 -3265.25 -3267.34 -3267.35 -3268.83 -3268.99 -3268.67 -3268.56 -3269.20 -3269.17 -3268.28 -3267.76 -3263.74 -3260.63 -3258.96 -3261.30 -3259.21 -3258.96 -3259.40 -3264.79 -3269.30 -3275.00 -3281.04 -3284.96 -3289.65 -3293.11 -3297.77 -3299.75 -3302.62 -3303.44 -3303.65 -3305.85 -3309.81 -3310.94 -3308.44 -3309.50 -3308.76 -3308.12 -3304.45 -3304.54 -3301.31 -3297.93 -3296.60 -3297.45 -3298.16 -3298.94
-3308.82 -3309.28 -3311.72 -3309.89 -3304.89 -3300.38 -3291.98 -3283.77 -3274.61 -3268.52 -3259.37 -3252.08 -3249.09 -3250.82 -3256.97 -3263.06 -3266.25 -3268.24 -3272.59 -3276.36 -3279.28 -3281.04 -3284.72 -3285.08 -3285.03 -3286.67 -3287.90 -3288.32 -3284.04 -3281.04 -3279.65 -3278.04 -3277.78 -3276.66 -3275.64 -3276.69 -3279.88 -3283.01 -3287.02 -3290.86 -3294.29 -3295.20 -3299.07 -3303.04 -3305.69 -3305.58 -3306.69 -3310.90 -3312.04 -3313.43 -3313.34 -3312.99 -3310.55 -3309.89 -3308.35 -3305.19 -3302.76 -3299.36 -3296.99 -3296.20 -3299.82 -3299.21 -3299.38
-3308.48 -3308.94 -3307.71 -3308.38 -3305.44 -3298.93 -3293.38 -3284.79 -3278.31 -3269.81 -3260.01 -3252.40 -3247.94 -3254.28 -3260.04 -3265.11 -3269.77 -3275.86 -3279.15 -3283.58 -3289.70 -3295.38 -3297.54 -3300.46 -3303.59 -3305.08 -3306.54 -3304.04 -3301.16 -3297.04 -3296.77 -3295.20 -3291.68 -3291.11 -3290.99 -3291.28 -3292.74 -3297.87 -3299.87 -3300.62 -3300.40 -3304.26 -3305.83 -3308.24 -3309.26 -3308.97 -3311.95 -3314.35 -3317.97 -3317.49 -3317.99 -3317.44 -3314.19 -3311.62 -3310.64 -3307.47 -3302.52 -3298.28 -3297.01 -3298.13 -3297.22 -3299.37 -3300.13
-3309.40 -3309.00 -3308.67 -3309.05 -3305.88 -3300.14 -3294.46 -3292.14 -3285.20 -3277.15 -3268.01 -3263.50 -3261.70 -3264.21 -3272.48 -3276.12 -3280.13 -3284.85 -3289.34 -3295.77 -3301.90 -3307.96 -3311.29 -3315.69 -3321.89 -3324.78 -3322.72 -3322.31 -3319.48 -3316.04 -3312.80 -3310.71 -3309.47 -3306.24 -3305.61 -3305.61 -3308.00 -3310.15 -3311.41 -3311.32 -3310.78 -3313.01 -3315.03 -3314.12 -3314.00 -3317.15 -3316.58 -3319.96 -3321.81 -3324.25 -3321.28 -3319.62 -3318.37 -3315.97 -3313.77 -3308.88 -3303.07 -3300.24 -3299.36 -3300.36 -3299.26 -3299.99 -3301.01
-3310.74 -3311.38 -3312.00 -3310.28 -3307.32 -3304.65 -3301.30 -3298.31 -3295.81 -3290.04 -3283.87 -3281.91 -3280.18 -3283.58 -3287.74 -3293.00 -3294.67 -3297.12 -3305.12 -3309.59 -3314.67 -3318.96 -3326.29 -3331.73 -3336.97 -3340.73 -3340.84 -3338.92 -3336.66 -3334.47 -3331.09 -3329.56 -3326.66 -3322.91 -3318.65 -3321.62 -3322.87 -3322.18 -3320.77 -3321.05 -3321.48 -3321.06 -3322.84 -3323.15 -3321.85 -3322.34 -3324.28 -3325.88 -3327.94 -3328.81 -3325.62 -3323.26 -3321.67 -3321.41 -3314.88 -3310.83 -3307.04 -3304.68 -3301.97 -3302.89 -3303.07 -3301.97 -3301.66
-3313.31 -3316.12 -3316.54 -3313.48 -3311.72 -3310.70 -3309.67 -3306.85 -3305.75 -3304.60 -3300.81 -3297.66 -3299.44 -3302.04 -3305.60 -3308.04 -3311.06 -3314.51 -3319.55 -3325.78 -3327.99 -3333.64 -3340.49 -3346.48 -3350.77 -3354.31 -3356.38 -3353.61 -3351.49 -3351.07 -3350.30 -3346.32 -3343.13 -3339.46 -3338.22 -3336.28 -3335.61 -3334.61 -3331.57 -3331.64 -3330.50 -3329.69 -3329.56 -3330.88 -3330.00 -3329.60 -3332.55 -3335.60 -3334.40 -3332.53 -3331.20 -3328.72 -3327.11 -3323.01 -3319.78 -3313.95 -3310.28 -3308.15 -3307.14 -3307.81 -3308.10 -3306.06 -3303.69
-3315.82 -3315.46 -3316.34 -3316.68 -3315.89 -3314.74 -3314.22 -3315.36 -3313.64 -3311.20 -3310.22 -3308.69 -3310.12 -3313.32 -3314.14 -3316.29 -3321.89 -3326.29 -3331.40 -3333.71 -3340.44 -3343.62 -3348.01 -3355.07 -3359.98 -3362.22 -3361.52 -3361.28 -3361.39 -3361.74 -3362.00 -3358.03 -3354.42 -3353.36 -3350.67 -3348.05 -3346.19 -3343.82 -3339.91 -3334.96 -3335.24 -3334.86 -3334.58 -3334.35 -3334.44 -3336.67 -3339.41 -3340.89 -3340.94 -3338.76 -3336.44 -3334.47 -3330.43 -3327.09 -3322.24 -3317.29 -3312.39 -3310.77 -3313.36 -3311.62 -3310.49 -3308.86 -3308.96
-3316.70 -3318.05 -3318.93 -3320.09 -3321.06 -3320.47 -3324.98 -3327.03 -3326.76 -3324.16 -3325.07 -3326.38 -3326.32 -3327.09 -3330.13 -3332.17 -3335.75 -3341.42 -3347.15 -3351.40 -3355.73 -3360.49 -3363.95 -3369.03 -3375.44 -3374.38 -3374.75 -3374.88 -3377.35 -3376.21 -3374.67 -3373.64 -3372.31 -3368.96 -3367.70 -3366.26 -3363.30 -3358.38 -3351.86 -3348.44 -3346.17 -3345.20 -3343.08 -3340.74 -3343.27 -3345.25 -3347.53 -3347.61 -3348.80 -3346.26 -3342.44 -3340.63 -3338.88 -3333.57 -3328.34 -3321.84 -3318.55 -3317.43 -3317.66 -3317.63 -3314.22 -3313.93 -3313.03
-3318.97 -3322.09 -3323.10 -3323.18 -3326.35 -3331.56 -3333.83 -3337.85 -3338.42 -3340.37 -3342.57 -3342.71 -3344.27 -3343.54 -3345.90 -3348.83 -3351.13 -3357.49 -3364.45 -3368.10 -3370.42 -3375.80 -3382.83 -3388.30 -3389.52 -3392.04 -3390.93 -3391.51 -3392.65 -3392.94 -3391.94 -3390.12 -3388.78 -3385.85 -3385.17 -3384.47 -3380.09 -3372.18 -3367.55 -3363.56 -3359.97 -3355.64 -3353.70 -3353.16 -3352.22 -3354.12 -3354.64 -3355.22 -3354.63 -3352.05 -3349.81 -3348.58 -3347.18 -3342.19 -3334.71 -3331.02 -3328.50 -3325.07 -3323.88 -3322.50 -3321.33 -3317.98 -3316.53
-3323.84 -3326.80 -3328.25 -3328.16 -3333.31 -3338.73 -3342.70 -3345.48 -3349.50 -3353.13 -3353.58 -3356.05 -3356.81 -3359.32 -3358.77 -3361.68 -3367.41 -3373.19 -3378.07 -3381.53 -3385.35 -3391.29 -3397.73 -3402.24 -3404.77 -3405.38 -3407.11 -3406.80 -3407.85 -3409.92 -3407.37 -3404.96 -3402.60 -3403.78 -3400.78 -3397.91 -3392.85 -3387.30 -3381.34 -3378.57 -3373.59 -3369.89 -3366.98 -3364.79 -3363.41 -3362.88 -3364.46 -3362.75 -3358.83 -3356.96 -3356.68 -3356.17 -3352.23 -3349.70 -3344.42 -3340.70 -3337.16 -3335.49 -3332.93 -3330.26 -3327.25 -3323.21 -3321.54
-3328.80 -3331.05 -3333.87 -3337.29 -3340.90 -3345.82 -3351.24 -3355.74 -3357.40 -3361.24 -3364.84 -3365.85 -3368.81 -3369.89 -3371.08 -3376.34 -3383.10 -3389.57 -3391.42 -3396.73 -3401.49 -3406.04 -3410.74 -3416.05 -3419.48 -3419.44 -3420.61 -3423.08 -3424.58 -3425.83 -3424.43 -3421.77 -3421.03 -3418.42 -3415.40 -3411.31 -3405.25 -3401.96 -3395.09 -3390.88 -3388.13 -3384.79 -3380.16 -3378.46 -3377.80 -3376.31 -3372.63 -3369.95 -3365.34 -3362.74 -3362.00 -3360.93 -3358.58 -3354.88 -3353.18 -3350.51 -3346.87 -3346.73 -3343.28 -3338.48 -3333.92 -3332.45 -3329.88
-3333.09 -3336.81 -3339.77 -3344.85 -3349.63 -3355.01 -3360.19 -3363.61 -3365.63 -3367.83 -3372.70 -3374.80 -3374.14 -3378.58 -3383.86 -3389.18 -3395.76 -3401.44 -3407.64 -3409.47 -3414.37 -3420.02 -3424.13 -3428.97 -3431.13 -3431.54 -3433.36 -3437.98 -3439.81 -3439.56 -3438.32 -3439.90 -3436.10 -3433.55 -3429.18 -3424.33 -3418.41 -3410.73 -3407.49 -3403.54 -3400.56 -3396.82 -3392.19 -3390.85 -3391.83 -3388.90 -3382.37 -3376.89 -3373.26 -3370.06 -3365.78 -3367.46 -3363.93 -3361.21 -3358.38 -3358.20 -3357.09 -3354.69 -3351.84 -3347.83 -3343.60 -3342.22 -3339.02
-3333.54 -3340.32 -3345.42 -3349.39 -3358.48 -3364.31 -3368.21 -3369.81 -3373.73 -3376.45 -3380.80 -3380.89 -3382.81 -3385.94 -3393.40 -3400.08 -3406.99 -3415.07 -3419.42 -3422.77 -3426.33 -3433.61 -3438.99 -3439.92 -3443.15 -3445.03 -3448.48 -3450.90 -3453.24 -3453.92 -3453.69 -3451.97 -3451.37 -3447.35 -3442.12 -3438.53 -3430.12 -3424.75 -3420.22 -3417.76 -3411.17 -3406.14 -3405.10 -3403.73 -3401.87 -3397.51 -3393.20 -3386.85 -3382.35 -3378.12 -3375.85 -3372.98 -3371.45 -3366.28 -3364.70 -3365.99 -3365.27 -3362.42 -3357.88 -3357.09 -3354.46 -3350.34 -3348.91
-3334.41 -3341.02 -3348.24 -3356.28 -3363.47 -3370.95 -3374.06 -3377.18 -3382.43 -3385.16 -3387.51 -3388.02 -3392.12 -3394.73 -3400.56 -3408.89 -3417.23 -3421.55 -3427.98 -3432.38 -3438.42 -3444.72 -3449.53 -3452.26 -3454.32 -3459.08 -3462.28 -3463.57 -3466.40 -3466.35 -3464.95 -3462.45 -3462.72 -3459.52 -3452.98 -3447.14 -3442.75 -3436.05 -3433.35 -3427.84 -3423.10 -3417.80 -3413.29 -3413.08 -3410.02 -3405.91 -3401.65 -3394.61 -3388.38 -3386.80 -3384.21 -3380.57 -3376.71 -3374.38 -3373.52 -3370.26 -3370.04 -3367.43 -3364.90 -3361.57 -3360.51 -3358.34 -3356.42
-3334.26 -3340.12 -3351.77 -3359.46 -3367.46 -3372.82 -3378.10 -3381.79 -3386.02 -3391.18 -3394.96 -3395.36 -3397.27 -3401.55 -3407.53 -3415.48 -3422.12 -3426.45 -3431.72 -3438.53 -3444.85 -3449.58 -3455.88 -3460.80 -3465.48 -3466.32 -3471.18 -3475.13 -3475.72 -3474.33 -3472.72 -3472.00 -3469.38 -3465.76 -3459.02 -3453.39 -3449.24 -3445.28 -3439.01 -3435.67 -3432.09 -3425.63 -3420.58 -3419.10 -3417.65 -3409.86 -3403.74 -3398.40 -3393.96 -3391.91 -3388.33 -3385.24 -3382.28 -3379.88 -3378.29 -3376.19 -3373.27 -3371.39 -3367.02 -3364.60 -3364.04 -3363.72 -3362.87
-3336.63 -3344.97 -3353.79 -3362.39 -3368.68 -3375.29 -3380.66 -3385.31 -3390.67 -3396.09 -3401.59 -3401.33 -3404.40 -3409.76 -3416.52 -3421.92 -3426.38 -3432.57 -3437.27 -3441.81 -3448.61 -3455.40 -3460.04 -3466.77 -3471.11 -3476.77 -3481.53 -3485.90 -3486.08 -3483.13 -3483.39 -3482.31 -3478.33 -3471.55 -3465.64 -3460.64 -3455.01 -3451.11 -3448.28 -3443.60 -3438.65 -3433.93 -3428.45 -3427.55 -3422.86 -3416.09 -3408.24 -3403.51 -3401.15 -3395.96 -3392.33 -3391.04 -3388.21 -3384.46 -3383.64 -3381.98 -3378.64 -3374.15 -3372.54 -3369.94 -3369.25 -3369.31 -3367.02
-3339.27 -3348.41 -3356.23 -3363.79 -3371.93 -3377.46 -3381.62 -3387.98 -3394.63 -3401.33 -3404.50 -3408.01 -3410.85 -3417.13 -3423.95 -3428.58 -3433.07 -3437.82 -3442.88 -3445.83 -3451.61 -3459.00 -3464.93 -3469.47 -3477.10 -3484.69 -3490.01 -3492.55 -3494.42 -3495.36 -3493.09 -3492.22 -3487.08 -3480.61 -3473.60 -3468.24 -3463.01 -3458.95 -3454.97 -3450.22 -3443.41 -3440.09 -3438.05 -3434.29 -3428.81 -3422.07 -3416.08 -3410.53 -3405.13 -3403.21 -3397.47 -3395.79 -3392.25 -3390.08 -3388.38 -3387.36 -3382.92 -3379.12 -3376.30 -3377.84 -3376.03 -3373.94 -3374.39
