src/uuv_eskf_nav/terrain_with_noise.asc
ncols         240
nrows         242
xllcorner     131.5
yllcorner     39.475
cellsize      0.004166666667
NODATA_value  -32767.0
[rows 196 to 223 of 242, columns 0 to 62 of 240]
-2923.69 -2920.77 -2915.98 -2918.73 -3093.37 -2965.17 -2931.52 -3051.10 -2982.76 -2916.52 -2924.17 -2931.64 -2935.07 -2942.10 -2949.33 -2955.48 -2962.98 -2967.15 -2970.77 -2973.25 -2978.46 -2984.34 -2991.04 -2996.90 -3001.22 -3004.55 -3010.29 -3016.43 -3018.97 -3020.32 -3019.45 -3019.53 -3015.61 -3015.68 -3015.70 -3012.39 -3007.26 -3005.52 -3006.47 -3008.09 -3009.28 -3009.73 -3008.94 -3010.88 -3013.36 -3014.41 -3016.66 -3018.82 -3027.73 -3027.08 -3028.78 -3035.82 -3038.64 -3039.13 -3042.29 -3045.49 -3047.07 -3048.21 -3046.84 -3046.18 -3044.76 -3046.14 -3048.37
-2927.85 -2924.46 -2920.36 -2918.62 -2935.42 -2922.94 -2916.82 -2928.68 -2925.42 -2920.64 -2926.65 -2931.74 -2936.81 -2941.83 -2948.35 -2955.09 -2961.30 -2966.20 -2969.35 -2972.68 -2977.91 -2985.45 -2991.96 -2995.66 -3001.47 -3006.26 -3010.33 -3013.80 -3018.31 -3018.56 -3018.69 -3015.71 -3014.91 -3013.51 -3012.44 -3009.76 -3004.58 -3004.19 -3005.62 -3007.05 -3007.95 -3008.70 -3011.02 -3027.25 -3020.92 -3018.64 -3021.67 -3022.66 -3025.57 -3029.01 -3033.86 -3035.29 -3037.83 -3037.10 -3037.85 -3041.99 -3043.99 -3043.69 -3043.45 -3044.86 -3044.96 -3046.23 -3050.03
-2929.18 -2926.63 -2923.73 -2921.53 -2920.00 -2919.29 -2918.21 -2918.12 -2922.16 -2924.92 -2928.59 -2934.55 -2938.75 -2941.52 -2947.13 -2954.99 -2961.94 -2961.91 -2965.93 -2971.83 -2979.18 -2986.60 -2992.12 -2997.94 -3001.94 -3006.28 -3010.57 -3013.25 -3016.74 -3016.62 -3012.89 -3012.23 -3012.22 -3011.51 -3008.35 -3004.22 -3003.55 -3000.84 -3002.32 -3004.21 -3005.87 -3006.41 -3009.63 -3026.51 -3022.14 -3019.45 -3024.58 -3025.01 -3026.69 -3032.04 -3034.76 -3034.80 -3034.81 -3035.63 -3036.12 -3035.75 -3038.60 -3039.07 -3039.13 -3040.13 -3043.08 -3046.77 -3050.34
-2931.36 -2926.90 -2926.01 -2922.92 -2921.29 -2920.54 -2921.04 -2922.09 -2924.41 -2930.04 -2934.11 -2937.59 -2940.71 -2944.33 -2948.39 -2954.91 -2958.92 -2960.30 -2963.29 -2970.19 -2978.32 -2984.87 -2994.13 -2999.67 -3004.88 -3007.78 -3012.53 -3016.41 -3015.79 -3014.06 -3013.17 -3010.34 -3009.27 -3007.38 -3003.83 -3000.77 -2997.89 -2996.54 -2995.79 -2998.71 -3003.78 -3002.98 -3007.46 -3026.49 -3024.47 -3020.12 -3023.50 -3026.67 -3030.13 -3032.12 -3036.10 -3034.72 -3033.39 -3033.19 -3032.65 -3033.69 -3033.97 -3035.00 -3034.02 -3035.04 -3040.24 -3044.54 -3047.12
-2949.49 -2930.75 -2926.63 -2925.95 -2922.98 -2921.26 -2921.96 -2923.33 -2929.07 -2934.00 -2938.73 -2939.97 -2943.69 -2948.43 -2952.55 -2955.30 -2959.22 -2959.65 -2962.26 -2968.68 -2977.37 -2986.33 -2992.12 -2999.94 -3005.09 -3010.03 -3014.64 -3016.98 -3015.98 -3013.63 -3013.65 -3011.21 -3006.91 -3004.00 -3001.66 -2995.59 -2992.23 -2989.73 -2991.22 -2996.38 -2999.21 -3000.85 -3006.35 -3026.02 -3023.07 -3020.72 -3024.26 -3027.20 -3029.74 -3031.71 -3033.60 -3034.17 -3030.83 -3028.31 -3030.00 -3030.76 -3031.31 -3029.12 -3031.22 -3033.69 -3037.36 -3041.00 -3043.34
-2993.63 -2931.17 -2930.28 -2927.54 -2926.35 -2922.57 -2921.59 -2926.86 -2931.17 -2936.11 -2939.14 -2943.78 -2947.98 -2951.42 -2955.64 -2958.19 -2960.76 -2961.43 -2964.46 -2969.38 -2978.31 -2986.67 -2992.51 -2996.96 -3005.57 -3011.42 -3013.18 -3016.17 -3016.20 -3016.38 -3013.30 -3012.17 -3008.72 -3004.48 -2998.94 -2994.04 -2981.82 -2982.96 -2987.82 -3001.68 -2998.66 -2997.87 -3005.75 -3012.55 -3017.35 -3020.81 -3023.84 -3025.84 -3027.73 -3031.21 -3030.84 -3029.42 -3027.56 -3026.67 -3027.15 -3029.18 -3028.31 -3027.88 -3029.96 -3033.01 -3035.79 -3038.07 -3042.28
-2952.96 -2941.91 -2937.84 -2934.10 -2930.42 -2927.69 -2927.33 -2930.93 -2937.09 -2939.34 -2942.16 -2946.76 -2950.52 -2954.20 -2957.55 -2963.70 -2963.75 -2963.89 -2967.85 -2974.60 -2980.66 -2986.61 -2991.50 -2998.22 -3004.08 -3009.65 -3012.80 -3014.47 -3017.06 -3015.53 -3015.26 -3013.63 -3011.63 -3006.99 -2998.26 -2992.56 -2960.00 -2965.65 -2978.13 -2999.56 -2996.59 -2993.88 -3001.02 -3009.17 -3013.16 -3018.86 -3021.69 -3023.07 -3027.33 -3027.80 -3026.75 -3023.47 -3023.88 -3024.63 -3023.21 -3023.37 -3025.17 -3026.62 -3026.97 -3031.76 -3035.14 -3038.14 -3038.89
-2951.98 -2948.48 -2944.27 -2939.15 -2935.50 -2934.61 -2934.76 -2937.25 -2940.02 -2944.25 -2946.26 -2948.96 -2953.12 -2957.23 -2961.54 -2963.90 -2966.89 -2968.09 -2972.06 -2979.75 -2984.78 -2988.80 -2994.74 -2999.40 -3003.68 -3007.82 -3012.17 -3014.34 -3013.59 -3016.98 -3018.13 -3017.64 -3013.82 -3009.29 -3003.53 -2994.99 -2960.59 -2962.95 -2973.08 -2995.29 -2993.62 -2989.99 -2998.63 -3007.15 -3011.87 -3013.94 -3018.63 -3023.27 -3023.74 -3024.79 -3022.69 -3021.81 -3021.11 -3019.95 -3021.21 -3020.72 -3022.61 -3024.47 -3026.13 -3030.52 -3035.53 -3036.53 -3037.58
-2960.78 -2954.15 -2950.61 -2945.30 -2942.45 -2940.30 -2941.68 -2943.74 -2948.34 -2949.84 -2951.16 -2952.83 -2957.01 -2962.36 -2963.96 -2966.70 -2970.27 -2973.20 -2977.49 -2982.77 -2990.85 -2994.19 -2997.07 -3001.76 -3006.02 -3009.54 -3011.65 -3013.17 -3014.75 -3017.80 -3021.95 -3021.90 -3018.50 -3018.21 -3013.85 -3006.64 -2966.02 -2973.00 -2981.27 -2984.44 -2989.17 -2992.98 -2999.35 -3004.41 -3008.30 -3010.55 -3015.84 -3019.70 -3022.10 -3019.62 -3020.68 -3020.69 -3019.35 -3019.85 -3021.12 -3021.49 -3020.38 -3022.68 -3027.20 -3030.64 -3032.85 -3035.20 -3037.18
-2968.03 -2961.61 -2955.82 -2952.65 -2948.96 -2945.53 -2947.50 -2951.02 -2953.38 -2953.88 -2956.03 -2959.10 -2962.79 -2964.62 -2968.85 -2970.82 -2974.42 -2978.15 -2982.19 -2988.26 -2993.25 -2997.84 -2999.35 -3004.91 -3010.17 -3011.12 -3011.30 -3013.72 -3017.75 -3021.69 -3024.55 -3026.63 -3028.11 -3025.82 -3025.59 -3018.61 -2999.11 -2996.63 -2994.64 -2991.93 -2994.99 -2999.30 -3002.32 -3003.36 -3006.35 -3009.75 -3011.90 -3014.67 -3017.27 -3018.39 -3017.46 -3017.55 -3019.99 -3020.71 -3022.92 -3021.80 -3023.40 -3025.15 -3028.83 -3031.42 -3032.38 -3033.98 -3038.30
-2975.86 -2970.82 -2965.06 -2958.12 -2953.71 -2953.02 -2953.27 -2957.11 -2958.17 -2958.26 -2960.10 -2964.01 -2967.42 -2970.13 -2972.97 -2977.45 -2978.73 -2981.56 -2987.95 -2992.59 -2996.52 -2998.29 -3004.26 -3007.64 -3010.54 -3013.58 -3014.32 -3018.20 -3021.75 -3025.81 -3028.98 -3031.95 -3033.67 -3033.14 -3031.93 -3030.23 -3022.28 -3011.30 -3005.91 -3004.73 -3005.85 -3005.73 -3008.08 -3007.66 -3008.10 -3009.56 -3011.65 -3012.58 -3014.68 -3013.60 -3013.10 -3015.65 -3019.34 -3022.76 -3021.86 -3024.65 -3027.88 -3029.12 -3032.02 -3033.70 -3035.47 -3034.54 -3037.55
-2983.84 -2980.54 -2973.11 -2966.66 -2963.59 -2962.70 -2962.67 -2960.81 -2962.62 -2963.51 -2964.16 -2967.51 -2972.53 -2975.60 -2978.14 -2981.67 -2986.12 -2989.12 -2993.06 -2997.29 -2998.49 -3002.07 -3005.80 -3009.71 -3012.21 -3013.75 -3017.96 -3021.18 -3023.95 -3030.10 -3033.92 -3035.32 -3035.76 -3037.65 -3037.26 -3033.73 -3028.00 -3020.42 -3014.43 -3014.74 -3013.68 -3014.12 -3013.60 -3014.02 -3012.44 -3011.94 -3014.24 -3014.17 -3012.16 -3011.12 -3012.66 -3015.73 -3017.86 -3020.97 -3024.02 -3026.82 -3031.14 -3034.74 -3035.72 -3038.43 -3038.69 -3039.15 -3040.02
-2991.58 -2985.76 -2980.84 -2976.78 -2971.71 -2970.31 -2968.46 -2969.66 -2967.48 -2967.54 -2968.16 -2970.97 -2975.83 -2978.60 -2980.59 -2984.98 -2991.74 -2995.25 -2997.63 -3001.10 -3004.66 -3005.92 -3007.15 -3011.16 -3013.81 -3015.27 -3016.89 -3022.02 -3025.28 -3031.35 -3035.44 -3035.51 -3037.62 -3040.42 -3040.49 -3036.11 -3030.54 -3026.77 -3021.49 -3018.74 -3020.30 -3019.96 -3018.91 -3017.12 -3017.23 -3018.38 -3017.11 -3017.15 -3013.54 -3011.57 -3012.85 -3016.06 -3018.28 -3021.98 -3025.65 -3029.42 -3032.65 -3038.38 -3042.25 -3041.92 -3042.77 -3043.70 -3046.67
-2994.35 -2989.59 -2984.25 -2981.42 -2979.01 -2975.76 -2975.68 -2973.73 -2971.98 -2969.85 -2972.05 -2976.08 -2976.37 -2979.36 -2982.71 -2987.73 -2993.70 -2997.76 -3000.60 -3003.66 -3005.34 -3008.00 -3010.14 -3013.05 -3016.38 -3014.81 -3017.66 -3021.47 -3027.14 -3030.14 -3033.32 -3037.28 -3037.41 -3040.22 -3040.10 -3038.68 -3033.57 -3028.83 -3025.44 -3024.37 -3023.59 -3024.26 -3021.43 -3019.74 -3021.05 -3020.86 -3019.49 -3016.84 -3015.83 -3014.52 -3013.71 -3017.62 -3020.49 -3023.27 -3025.27 -3030.56 -3035.54 -3040.42 -3042.73 -3045.14 -3044.49 -3048.50 -3051.71
-2997.61 -2995.94 -2989.99 -2985.60 -2985.26 -2984.47 -2982.02 -2980.87 -2978.88 -2978.49 -2980.25 -2980.88 -2982.94 -2983.30 -2988.83 -2992.67 -2996.59 -3000.90 -3004.63 -3005.65 -3006.55 -3010.32 -3013.80 -3014.67 -3016.44 -3018.09 -3020.01 -3023.61 -3027.21 -3030.13 -3033.09 -3034.90 -3038.46 -3038.22 -3040.74 -3040.10 -3035.87 -3030.90 -3031.06 -3031.97 -3029.83 -3027.95 -3027.34 -3026.39 -3024.27 -3024.86 -3023.11 -3020.56 -3018.47 -3018.17 -3019.24 -3021.02 -3025.73 -3026.20 -3029.35 -3034.76 -3040.72 -3043.34 -3044.64 -3048.39 -3051.23 -3053.78 -3058.26
-3004.96 -3000.81 -2996.73 -2993.21 -2991.98 -2992.13 -2988.82 -2985.61 -2987.41 -2987.55 -2987.67 -2990.17 -2992.20 -2993.59 -2995.37 -2999.30 -3003.93 -3005.15 -3007.03 -3007.03 -3009.48 -3011.96 -3015.43 -3016.93 -3017.51 -3019.12 -3022.99 -3024.30 -3029.16 -3032.79 -3033.93 -3034.14 -3036.04 -3040.10 -3039.81 -3039.13 -3037.37 -3035.90 -3037.23 -3036.89 -3037.30 -3034.35 -3034.18 -3032.14 -3030.53 -3027.91 -3028.06 -3024.49 -3021.33 -3022.39 -3025.34 -3027.13 -3028.05 -3032.92 -3035.95 -3040.46 -3046.27 -3048.29 -3049.71 -3052.89 -3057.55 -3061.15 -3067.28
-3010.83 -3005.95 -3003.92 -3000.94 -2998.07 -2994.52 -2994.50 -2992.08 -2992.77 -2993.64 -2995.96 -2998.04 -3001.06 -3002.93 -3005.05 -3008.39 -3010.77 -3010.19 -3008.08 -3010.19 -3011.46 -3012.16 -3013.42 -3016.03 -3018.88 -3019.69 -3023.99 -3028.02 -3031.90 -3033.22 -3034.66 -3035.15 -3038.12 -3039.66 -3040.23 -3037.97 -3037.85 -3040.61 -3039.91 -3042.15 -3042.49 -3041.85 -3039.68 -3037.84 -3038.60 -3035.35 -3031.37 -3028.65 -3026.40 -3027.08 -3030.35 -3031.94 -3034.90 -3037.45 -3043.44 -3046.55 -3051.01 -3055.15 -3056.32 -3057.81 -3062.91 -3069.11 -3074.60
-3018.30 -3013.89 -3010.00 -3009.09 -3004.00 -3001.18 -2999.05 -2997.75 -2996.59 -2999.57 -3004.13 -3006.36 -3008.12 -3011.53 -3015.62 -3018.17 -3018.66 -3016.45 -3015.20 -3012.63 -3013.21 -3013.10 -3013.00 -3015.58 -3017.61 -3019.60 -3023.71 -3030.06 -3033.50 -3033.77 -3035.93 -3039.09 -3039.94 -3040.17 -3040.61 -3040.84 -3040.62 -3041.50 -3044.96 -3045.46 -3046.93 -3046.47 -3045.46 -3045.21 -3045.12 -3042.17 -3037.46 -3035.18 -3034.86 -3034.89 -3035.28 -3038.96 -3040.96 -3043.32 -3047.66 -3054.29 -3058.16 -3059.66 -3062.39 -3064.13 -3071.01 -3077.82 -3082.92
-3025.03 -3021.43 -3017.25 -3013.24 -3011.40 -3007.63 -3003.70 -3002.10 -3003.37 -3006.64 -3008.33 -3013.21 -3014.96 -3020.36 -3024.67 -3026.20 -3025.10 -3024.24 -3021.11 -3018.35 -3021.00 -3018.75 -3015.24 -3013.09 -3016.31 -3019.74 -3025.04 -3028.68 -3032.58 -3035.07 -3037.62 -3041.41 -3043.18 -3043.33 -3044.37 -3044.79 -3044.06 -3047.15 -3050.50 -3052.29 -3049.57 -3049.86 -3051.52 -3050.11 -3049.65 -3046.90 -3045.58 -3042.68 -3041.70 -3043.35 -3043.86 -3045.19 -3048.02 -3049.46 -3053.36 -3060.01 -3063.04 -3063.88 -3066.31 -3072.99 -3077.27 -3082.95 -3089.29
-3030.20 -3026.91 -3022.94 -3020.26 -3015.72 -3012.37 -3007.09 -3007.09 -3010.15 -3012.38 -3014.22 -3026.21 -3026.86 -3025.28 -3029.44 -3034.70 -3034.50 -3028.34 -3023.49 -3021.18 -3019.97 -3017.07 -3014.89 -3014.89 -3015.22 -3021.36 -3023.25 -3027.26 -3030.66 -3034.89 -3038.23 -3040.29 -3045.88 -3047.05 -3046.77 -3048.51 -3051.99 -3055.24 -3056.56 -3056.80 -3055.49 -3055.05 -3055.22 -3056.12 -3053.23 -3052.65 -3050.43 -3050.23 -3050.00 -3052.18 -3053.99 -3053.31 -3054.43 -3059.04 -3062.39 -3065.52 -3068.09 -3068.84 -3071.41 -3075.96 -3083.65 -3089.34 -3094.99
-3037.74 -3032.43 -3029.90 -3024.39 -3018.32 -3012.99 -3012.30 -3011.08 -3012.72 -3016.15 -3017.88 -3024.85 -3025.80 -3029.08 -3032.16 -3033.35 -3033.23 -3026.83 -3024.20 -3022.72 -3020.93 -3016.92 -3015.76 -3015.85 -3018.62 -3019.92 -3024.81 -3027.59 -3029.38 -3032.16 -3036.78 -3042.68 -3045.57 -3049.54 -3050.53 -3052.93 -3059.19 -3062.45 -3063.17 -3063.21 -3062.42 -3061.13 -3059.47 -3059.11 -3058.37 -3055.16 -3053.89 -3055.76 -3057.14 -3060.16 -3060.78 -3062.07 -3064.04 -3067.45 -3070.01 -3070.26 -3071.94 -3073.68 -3075.11 -3080.09 -3086.12 -3093.72 -3098.88
-3044.87 -3038.85 -3033.43 -3026.61 -3019.48 -3013.77 -3011.91 -3012.43 -3014.25 -3017.41 -3022.49 -3027.81 -3029.10 -3031.15 -3034.81 -3032.91 -3029.75 -3027.84 -3024.51 -3022.36 -3019.87 -3017.36 -3016.45 -3017.54 -3019.48 -3021.40 -3024.84 -3027.10 -3028.91 -3030.65 -3037.69 -3042.56 -3045.97 -3048.81 -3053.38 -3058.67 -3062.77 -3067.18 -3069.01 -3067.90 -3066.91 -3066.30 -3064.77 -3063.33 -3060.98 -3057.38 -3056.52 -3058.81 -3062.87 -3062.89 -3065.45 -3066.96 -3070.27 -3072.23 -3075.69 -3077.87 -3076.71 -3076.42 -3079.11 -3083.68 -3089.51 -3094.67 -3099.65
-3054.22 -3048.38 -3039.41 -3031.60 -3023.56 -3016.01 -3012.61 -3013.76 -3016.68 -3018.63 -3020.57 -3029.98 -3030.99 -3032.85 -3035.39 -3031.38 -3029.92 -3026.56 -3025.36 -3021.56 -3020.18 -3018.74 -3015.31 -3015.57 -3019.17 -3022.30 -3023.66 -3024.10 -3027.26 -3032.15 -3036.95 -3043.13 -3047.52 -3051.02 -3056.65 -3062.25 -3068.26 -3071.02 -3075.82 -3073.58 -3071.96 -3072.59 -3072.84 -3068.90 -3064.67 -3063.47 -3064.05 -3063.70 -3064.94 -3067.56 -3068.17 -3071.65 -3073.59 -3077.10 -3080.63 -3080.69 -3082.42 -3080.33 -3085.37 -3090.02 -3093.50 -3096.40 -3102.04
-3060.13 -3053.57 -3047.61 -3036.14 -3027.71 -3019.84 -3015.75 -3016.50 -3017.43 -3018.65 -3020.37 -3025.69 -3029.78 -3031.05 -3031.92 -3033.09 -3029.39 -3026.94 -3025.06 -3024.17 -3021.15 -3017.31 -3016.11 -3016.14 -3018.96 -3020.16 -3019.83 -3021.36 -3025.64 -3031.06 -3036.79 -3041.72 -3049.41 -3053.99 -3058.66 -3067.01 -3072.61 -3076.36 -3076.88 -3078.04 -3078.18 -3077.53 -3077.73 -3073.87 -3071.09 -3068.92 -3069.68 -3068.95 -3069.78 -3071.39 -3072.17 -3071.32 -3075.92 -3080.15 -3081.87 -3082.13 -3083.41 -3086.88 -3089.59 -3093.36 -3097.09 -3099.82 -3104.06
-3064.40 -3058.94 -3050.85 -3040.77 -3028.65 -3024.42 -3021.60 -3018.67 -3018.77 -3019.23 -3020.23 -3022.49 -3026.01 -3029.80 -3030.36 -3029.13 -3027.94 -3026.11 -3026.63 -3026.33 -3022.29 -3018.86 -3016.56 -3018.28 -3016.74 -3015.89 -3017.08 -3018.59 -3021.78 -3027.36 -3035.22 -3042.93 -3050.07 -3056.17 -3062.77 -3070.71 -3077.92 -3079.43 -3080.54 -3081.85 -3082.99 -3082.05 -3079.45 -3079.33 -3076.39 -3073.84 -3073.60 -3074.83 -3074.01 -3072.32 -3072.53 -3074.18 -3076.66 -3079.33 -3080.33 -3080.81 -3084.97 -3087.51 -3091.88 -3095.14 -3099.56 -3103.69 -3104.83
-3066.06 -3058.53 -3050.77 -3039.95 -3026.50 -3026.28 -3024.34 -3023.72 -3023.87 -3023.51 -3020.63 -3022.03 -3024.00 -3028.02 -3026.58 -3024.35 -3024.63 -3026.86 -3025.96 -3024.78 -3023.48 -3021.14 -3019.72 -3018.56 -3017.55 -3014.45 -3012.65 -3014.56 -3017.56 -3025.27 -3033.50 -3042.07 -3048.14 -3057.31 -3066.25 -3074.16 -3079.08 -3084.08 -3085.08 -3085.03 -3085.86 -3085.29 -3084.36 -3080.71 -3079.33 -3077.42 -3077.43 -3078.17 -3075.92 -3073.82 -3072.88 -3075.40 -3075.28 -3076.24 -3077.79 -3080.99 -3081.92 -3085.91 -3091.39 -3095.87 -3098.18 -3100.81 -3105.49
-3060.73 -3053.70 -3044.04 -3037.71 -3028.29 -3027.31 -3025.89 -3025.99 -3026.96 -3022.85 -3023.78 -3024.81 -3025.82 -3025.95 -3023.61 -3022.76 -3022.70 -3024.94 -3025.17 -3024.34 -3022.80 -3022.59 -3019.44 -3019.57 -3017.63 -3014.71 -3010.64 -3012.03 -3017.48 -3022.86 -3030.79 -3040.04 -3049.35 -3058.03 -3066.93 -3075.39 -3081.03 -3085.46 -3087.84 -3088.94 -3089.06 -3090.26 -3086.24 -3082.80 -3079.77 -3080.76 -3079.86 -3076.33 -3075.83 -3074.03 -3073.31 -3073.13 -3074.18 -3074.23 -3074.68 -3076.39 -3079.51 -3082.96 -3088.40 -3092.18 -3092.50 -3097.10 -3102.09
-3050.85 -3046.12 -3039.07 -3032.68 -3029.00 -3028.44 -3027.03 -3027.86 -3026.61 -3025.99 -3025.78 -3028.55 -3028.41 -3024.57 -3024.35 -3024.51 -3023.70 -3023.28 -3025.10 -3024.83 -3022.01 -3021.46 -3021.22 -3020.48 -3017.62 -3013.02 -3010.19 -3012.14 -3017.84 -3025.29 -3031.27 -3040.66 -3050.54 -3057.22 -3067.01 -3075.33 -3082.32 -3084.28 -3087.04 -3091.19 -3092.04 -3090.43 -3089.38 -3085.19 -3083.25 -3082.29 -3080.67 -3076.52 -3072.54 -3072.17 -3069.43 -3068.93 -3070.15 -3070.44 -3069.58 -3071.10 -3076.30 -3079.83 -3082.47 -3085.85 -3089.22 -3091.90 -3096.12
