src/uuv_eskf_nav/terrain_with_noise.asc
ncols         240
nrows         242
xllcorner     131.5
yllcorner     39.475
cellsize      0.004166666667
NODATA_value  -32767.0
[rows 112 to 139 of 242, columns 126 to 188 of 240]
-2868.62 -2866.27 -2865.51 -2863.38 -2865.65 -2866.19 -2867.88 -2871.86 -2877.09 -2884.66 -2890.73 -2896.75 -2900.53 -2907.41 -2917.08 -2928.79 -2936.78 -2946.51 -2957.23 -2967.65 -2976.15 -2987.35 -2998.22 -3004.24 -3011.13 -3016.53 -3022.20 -3024.40 -3026.46 -3029.99 -3031.70 -3038.24 -3045.14 -3050.01 -3053.14 -3057.29 -3061.52 -3066.25 -3069.46 -3072.96 -3073.39 -3074.69 -3078.08 -3081.47 -3086.58 -3092.12 -3097.33 -3104.06 -3113.28 -3124.54 -3132.21 -3137.05 -3144.00 -3152.76 -3159.36 -3168.24 -3175.41 -3181.62 -3183.06 -3187.60 -3191.21 -3192.70 -3192.46
-2884.11 -2882.76 -2880.80 -2880.79 -2879.70 -2881.89 -2883.69 -2885.84 -2892.18 -2899.56 -2905.37 -2906.44 -2912.58 -2920.27 -2930.00 -2939.55 -2948.28 -2957.51 -2968.53 -2977.43 -2986.76 -2998.23 -3005.82 -3013.26 -3016.52 -3024.01 -3029.80 -3030.46 -3031.79 -3033.56 -3039.09 -3041.58 -3047.06 -3050.82 -3054.40 -3057.28 -3061.48 -3065.88 -3069.42 -3072.77 -3074.44 -3076.31 -3079.50 -3085.60 -3086.49 -3091.11 -3096.77 -3104.20 -3111.62 -3118.63 -3127.74 -3131.43 -3136.98 -3144.83 -3154.77 -3163.18 -3170.86 -3175.82 -3180.05 -3183.88 -3188.70 -3188.15 -3183.23
-2904.29 -2901.34 -2902.07 -2902.38 -2902.60 -2902.48 -2904.38 -2907.93 -2911.54 -2917.39 -2920.86 -2923.19 -2928.14 -2936.41 -2945.31 -2953.42 -2964.60 -2973.56 -2982.75 -2991.86 -3003.16 -3010.33 -3016.31 -3021.66 -3029.17 -3033.49 -3037.35 -3038.83 -3038.97 -3041.44 -3045.17 -3048.86 -3050.99 -3055.00 -3057.26 -3056.84 -3061.16 -3066.37 -3069.83 -3070.10 -3073.64 -3077.76 -3082.81 -3084.91 -3089.39 -3092.34 -3097.16 -3103.65 -3108.94 -3115.98 -3121.72 -3124.38 -3128.03 -3137.07 -3148.07 -3156.64 -3162.99 -3169.63 -3176.13 -3180.38 -3181.42 -3181.42 -3179.06
-2923.01 -2922.18 -2924.42 -2925.76 -2926.57 -2925.35 -2928.10 -2931.35 -2934.52 -2935.60 -2940.04 -2941.12 -2944.65 -2951.27 -2960.58 -2969.73 -2978.07 -2988.62 -2998.54 -3008.03 -3017.59 -3024.47 -3028.51 -3033.58 -3039.56 -3042.48 -3044.96 -3046.00 -3048.33 -3047.63 -3050.93 -3054.04 -3056.88 -3057.27 -3058.65 -3060.85 -3062.41 -3066.58 -3068.53 -3069.41 -3073.67 -3078.39 -3083.00 -3086.03 -3090.14 -3095.12 -3099.11 -3103.37 -3110.65 -3114.59 -3117.57 -3118.17 -3123.85 -3131.60 -3139.19 -3147.43 -3153.89 -3160.43 -3168.87 -3173.07 -3170.31 -3175.00 -3174.42
-2940.40 -2944.56 -2945.73 -2947.37 -2948.70 -2950.77 -2952.02 -2955.47 -2956.91 -2959.08 -2959.16 -2959.90 -2962.85 -2968.51 -2977.44 -2983.36 -2991.55 -3000.93 -3015.21 -3023.47 -3030.12 -3037.32 -3042.90 -3047.34 -3051.20 -3054.36 -3054.97 -3053.81 -3054.25 -3056.02 -3056.98 -3059.92 -3061.42 -3059.55 -3061.00 -3062.86 -3065.34 -3065.48 -3068.35 -3070.85 -3072.68 -3077.50 -3084.31 -3088.23 -3091.18 -3095.44 -3101.28 -3105.93 -3111.16 -3125.79 -3120.04 -3116.14 -3121.44 -3126.15 -3137.91 -3140.07 -3145.85 -3143.84 -3155.38 -3166.34 -3169.47 -3169.04 -3168.40
-2959.66 -2961.97 -2964.91 -2965.63 -2967.77 -2971.02 -2972.32 -2975.07 -2978.67 -2980.06 -2978.44 -2978.04 -2981.87 -2988.12 -2992.33 -2998.79 -3005.44 -3016.00 -3026.55 -3035.31 -3042.36 -3048.45 -3054.49 -3058.03 -3061.19 -3064.19 -3064.09 -3061.89 -3061.71 -3063.56 -3063.80 -3062.72 -3061.53 -3062.69 -3062.02 -3064.24 -3065.05 -3066.82 -3067.85 -3070.53 -3075.34 -3080.23 -3087.04 -3090.22 -3091.84 -3096.51 -3103.19 -3107.72 -3110.60 -3121.88 -3119.70 -3116.02 -3119.01 -3124.96 -3136.11 -3137.14 -3138.07 -3141.42 -3151.52 -3159.53 -3163.16 -3162.68 -3162.51
-2979.01 -2980.99 -2982.21 -2985.96 -2985.65 -2988.26 -2993.13 -2996.04 -2997.25 -2998.96 -2999.56 -3000.63 -3004.21 -3008.64 -3011.68 -3016.09 -3024.63 -3031.36 -3039.33 -3047.38 -3053.42 -3057.61 -3060.11 -3067.40 -3070.76 -3071.52 -3070.36 -3069.36 -3069.07 -3070.07 -3069.34 -3067.27 -3064.61 -3063.33 -3063.26 -3061.94 -3064.90 -3067.52 -3068.16 -3071.07 -3077.22 -3085.13 -3088.10 -3091.75 -3094.84 -3099.80 -3104.13 -3108.49 -3110.72 -3114.71 -3115.63 -3116.87 -3119.31 -3120.69 -3130.44 -3132.77 -3137.82 -3144.29 -3151.59 -3153.68 -3155.67 -3159.72 -3159.35
-2998.92 -3000.14 -3002.10 -3001.95 -3002.30 -3005.52 -3009.73 -3013.85 -3013.30 -3015.11 -3018.71 -3020.79 -3023.18 -3027.34 -3032.54 -3036.68 -3041.29 -3047.94 -3054.89 -3058.51 -3063.12 -3064.91 -3068.08 -3072.68 -3076.21 -3076.07 -3074.38 -3077.16 -3076.11 -3075.30 -3074.10 -3071.88 -3067.59 -3064.30 -3063.42 -3063.99 -3063.06 -3064.75 -3068.09 -3073.11 -3080.88 -3086.99 -3091.12 -3093.04 -3098.51 -3102.83 -3105.78 -3110.68 -3113.31 -3113.17 -3112.89 -3116.10 -3120.71 -3124.14 -3127.22 -3132.94 -3137.31 -3144.14 -3149.38 -3152.15 -3153.96 -3155.56 -3157.07
-3015.69 -3019.69 -3018.54 -3018.97 -3021.26 -3024.61 -3027.26 -3027.58 -3030.42 -3030.51 -3033.70 -3036.70 -3040.51 -3044.94 -3048.72 -3052.36 -3056.55 -3062.31 -3068.27 -3068.42 -3068.93 -3072.17 -3073.53 -3076.05 -3077.85 -3078.53 -3077.84 -3076.73 -3079.25 -3079.17 -3077.57 -3074.90 -3070.90 -3066.65 -3065.53 -3064.92 -3062.33 -3062.39 -3068.28 -3074.45 -3080.11 -3086.43 -3092.22 -3095.69 -3099.35 -3103.23 -3108.40 -3111.48 -3113.17 -3113.27 -3114.24 -3116.87 -3121.02 -3124.30 -3126.74 -3132.27 -3138.66 -3143.22 -3147.87 -3151.34 -3152.32 -3153.10 -3155.42
-3026.71 -3029.35 -3030.92 -3031.08 -3033.09 -3036.50 -3037.40 -3038.71 -3039.29 -3040.76 -3042.05 -3044.57 -3051.15 -3052.20 -3056.32 -3060.05 -3065.95 -3069.32 -3071.56 -3073.53 -3074.20 -3074.20 -3076.33 -3075.74 -3077.05 -3077.91 -3076.50 -3077.32 -3079.02 -3080.53 -3078.11 -3073.02 -3072.27 -3069.33 -3067.71 -3064.70 -3063.67 -3064.79 -3068.11 -3073.41 -3081.18 -3084.91 -3090.73 -3092.90 -3096.67 -3101.98 -3107.20 -3110.71 -3110.18 -3113.46 -3115.98 -3117.08 -3120.64 -3124.73 -3128.71 -3131.43 -3137.13 -3142.15 -3146.54 -3148.51 -3150.86 -3152.16 -3155.78
-3042.50 -3043.98 -3046.92 -3048.95 -3050.25 -3052.32 -3055.71 -3054.90 -3054.71 -3054.37 -3057.65 -3059.98 -3062.74 -3064.73 -3065.23 -3070.72 -3075.03 -3076.22 -3077.01 -3077.37 -3077.85 -3076.61 -3077.73 -3079.50 -3078.98 -3075.73 -3077.12 -3077.12 -3079.09 -3077.29 -3076.47 -3074.07 -3071.13 -3071.23 -3067.81 -3066.44 -3066.64 -3067.68 -3070.26 -3074.98 -3082.91 -3085.41 -3087.63 -3090.07 -3094.91 -3098.10 -3101.90 -3104.37 -3107.30 -3109.59 -3114.57 -3118.46 -3120.90 -3125.22 -3127.73 -3130.80 -3136.79 -3141.82 -3144.56 -3144.62 -3147.41 -3152.69 -3155.89
-3058.47 -3062.28 -3062.93 -3064.92 -3067.58 -3069.13 -3070.54 -3069.65 -3068.90 -3069.80 -3073.12 -3074.19 -3074.45 -3075.35 -3078.09 -3078.22 -3080.65 -3082.21 -3080.87 -3079.85 -3078.78 -3080.32 -3079.90 -3080.75 -3079.01 -3076.78 -3076.75 -3078.31 -3077.43 -3074.63 -3073.48 -3071.75 -3070.07 -3067.61 -3068.67 -3065.82 -3065.02 -3068.28 -3077.15 -3079.76 -3081.44 -3083.76 -3088.54 -3088.92 -3089.63 -3092.16 -3093.09 -3097.08 -3100.67 -3104.35 -3110.43 -3115.68 -3121.11 -3121.95 -3127.32 -3132.34 -3137.51 -3140.54 -3142.62 -3143.42 -3146.28 -3150.83 -3154.75
-3074.84 -3076.30 -3076.80 -3078.58 -3081.10 -3082.07 -3079.44 -3079.88 -3079.41 -3080.22 -3081.76 -3084.19 -3084.27 -3084.67 -3084.31 -3084.62 -3084.87 -3084.72 -3081.74 -3077.28 -3078.33 -3079.52 -3079.63 -3078.01 -3077.31 -3078.05 -3074.42 -3075.05 -3075.25 -3072.65 -3069.26 -3068.67 -3065.82 -3065.44 -3062.65 -3062.00 -3060.49 -3065.21 -3072.47 -3074.38 -3075.44 -3077.33 -3082.01 -3081.05 -3080.35 -3084.68 -3085.90 -3087.12 -3091.34 -3097.57 -3105.51 -3111.44 -3115.20 -3120.53 -3124.61 -3132.11 -3137.27 -3139.02 -3141.44 -3143.07 -3145.59 -3148.56 -3153.81
-3086.43 -3088.86 -3090.39 -3091.43 -3092.55 -3091.30 -3088.98 -3087.00 -3088.82 -3088.31 -3088.17 -3090.37 -3090.70 -3088.63 -3087.49 -3089.33 -3088.50 -3083.72 -3078.42 -3078.51 -3075.68 -3076.98 -3076.50 -3075.69 -3075.15 -3074.06 -3069.37 -3070.24 -3071.43 -3071.40 -3065.73 -3064.79 -3064.79 -3061.33 -3056.43 -3054.95 -3055.43 -3057.72 -3060.14 -3065.17 -3066.77 -3068.15 -3068.19 -3069.37 -3071.35 -3074.34 -3075.62 -3077.24 -3081.14 -3090.55 -3098.15 -3101.48 -3107.85 -3115.26 -3120.93 -3126.65 -3133.47 -3137.74 -3138.93 -3141.85 -3145.42 -3149.99 -3153.34
-3094.59 -3097.28 -3100.67 -3101.76 -3100.37 -3100.15 -3097.09 -3094.68 -3093.18 -3093.52 -3093.53 -3092.42 -3091.66 -3089.87 -3088.42 -3088.54 -3087.11 -3081.26 -3076.83 -3075.29 -3074.45 -3072.10 -3074.14 -3074.50 -3071.75 -3069.82 -3068.13 -3068.52 -3064.44 -3067.97 -3064.43 -3064.94 -3061.60 -3055.14 -3050.69 -3048.67 -3048.61 -3049.41 -3051.58 -3054.19 -3056.19 -3055.15 -3056.08 -3059.72 -3061.93 -3063.66 -3065.14 -3070.26 -3074.48 -3081.66 -3089.83 -3094.56 -3099.18 -3106.28 -3113.91 -3121.04 -3128.18 -3133.18 -3136.27 -3138.65 -3146.55 -3151.44 -3152.35
-3100.07 -3102.25 -3104.75 -3105.73 -3107.06 -3103.17 -3102.29 -3099.32 -3098.49 -3096.89 -3095.16 -3091.99 -3088.37 -3087.99 -3086.11 -3082.88 -3079.79 -3076.25 -3071.90 -3069.68 -3069.53 -3070.79 -3070.06 -3069.35 -3069.19 -3066.59 -3066.03 -3062.45 -3064.53 -3056.32 -3052.68 -3052.57 -3048.82 -3046.49 -3043.21 -3040.33 -3038.88 -3041.22 -3042.88 -3043.27 -3042.32 -3043.80 -3045.47 -3047.28 -3050.97 -3051.83 -3056.30 -3060.61 -3068.19 -3073.86 -3081.29 -3086.70 -3091.02 -3096.99 -3105.03 -3113.51 -3119.61 -3124.21 -3129.58 -3135.93 -3141.47 -3147.15 -3150.92
-3101.08 -3103.16 -3104.66 -3107.43 -3108.66 -3106.35 -3102.98 -3103.30 -3103.27 -3099.13 -3095.42 -3091.78 -3088.19 -3083.36 -3080.84 -3076.63 -3072.63 -3066.45 -3063.12 -3062.05 -3063.44 -3065.47 -3065.58 -3066.36 -3067.24 -3065.59 -3060.06 -3057.21 -3053.08 -3047.53 -3044.17 -3041.10 -3040.61 -3036.10 -3033.94 -3031.48 -3031.51 -3032.68 -3033.88 -3031.32 -3030.48 -3032.58 -3035.31 -3035.99 -3037.88 -3042.53 -3046.49 -3050.97 -3059.31 -3067.85 -3074.64 -3077.33 -3083.49 -3089.33 -3097.68 -3104.95 -3111.03 -3115.15 -3123.25 -3129.32 -3136.77 -3141.75 -3147.83
-3098.67 -3101.24 -3103.97 -3105.09 -3105.17 -3103.84 -3103.20 -3103.75 -3104.60 -3100.16 -3094.51 -3092.94 -3086.91 -3081.46 -3077.23 -3073.45 -3066.73 -3049.70 -3053.67 -3058.44 -3059.07 -3062.44 -3064.79 -3065.02 -3066.68 -3064.39 -3059.72 -3054.32 -3048.52 -3043.21 -3037.83 -3036.80 -3033.80 -3030.03 -3024.60 -3025.19 -3026.17 -3024.81 -3025.30 -3024.71 -3024.86 -3025.55 -3027.95 -3029.62 -3032.12 -3034.59 -3039.83 -3044.94 -3053.43 -3062.14 -3066.56 -3070.37 -3076.13 -3084.67 -3091.02 -3096.71 -3104.55 -3110.37 -3116.92 -3123.53 -3132.22 -3137.81 -3141.91
-3096.07 -3099.33 -3101.31 -3100.02 -3100.14 -3099.55 -3100.04 -3098.77 -3099.71 -3097.70 -3092.68 -3087.10 -3084.32 -3078.16 -3072.60 -3065.97 -3059.45 -3052.07 -3049.53 -3052.62 -3051.45 -3054.08 -3057.84 -3058.39 -3059.45 -3057.81 -3054.24 -3049.15 -3042.43 -3037.52 -3034.41 -3029.01 -3024.81 -3020.10 -3016.10 -3016.08 -3015.23 -3015.56 -3012.78 -3013.61 -3013.77 -3015.29 -3018.38 -3021.98 -3022.35 -3025.00 -3030.17 -3038.31 -3043.65 -3049.37 -3056.74 -3059.82 -3065.76 -3072.37 -3080.63 -3088.00 -3094.34 -3101.83 -3108.42 -3115.75 -3124.09 -3129.08 -3132.34
-3093.50 -3094.16 -3093.20 -3094.87 -3092.86 -3092.45 -3091.90 -3092.82 -3092.32 -3090.21 -3084.70 -3080.25 -3076.42 -3073.26 -3065.20 -3057.78 -3052.52 -3048.76 -3045.41 -3044.66 -3045.86 -3046.14 -3045.68 -3048.41 -3048.51 -3048.80 -3044.86 -3041.04 -3034.86 -3031.23 -3026.79 -3022.38 -3015.73 -3011.78 -3007.35 -3003.58 -3002.76 -3001.15 -3000.93 -2998.30 -2999.09 -3003.58 -3006.19 -3009.17 -3010.37 -3014.72 -3020.08 -3027.40 -3031.64 -3036.67 -3042.19 -3046.34 -3049.49 -3057.89 -3066.51 -3073.67 -3080.43 -3088.64 -3098.89 -3105.57 -3111.50 -3117.50 -3121.62
-3086.06 -3086.01 -3086.46 -3086.28 -3086.21 -3082.50 -3082.76 -3083.66 -3081.88 -3077.77 -3073.91 -3071.78 -3066.76 -3061.33 -3054.82 -3049.15 -3043.62 -3041.62 -3038.72 -3039.74 -3038.86 -3038.29 -3037.28 -3037.37 -3039.94 -3037.43 -3032.54 -3030.03 -3027.22 -3022.90 -3017.92 -3014.97 -3009.06 -3002.56 -2996.62 -2995.31 -2991.26 -2989.57 -2985.05 -2983.74 -2985.03 -2989.37 -2993.13 -2994.28 -2999.46 -3004.17 -3009.72 -3014.74 -3020.51 -3024.85 -3028.31 -3030.16 -3036.92 -3043.02 -3049.70 -3058.39 -3065.33 -3075.79 -3085.91 -3092.85 -3098.44 -3105.85 -3112.77
-3075.30 -3076.56 -3074.33 -3073.45 -3070.67 -3070.79 -3069.69 -3069.17 -3067.20 -3061.78 -3058.84 -3055.22 -3052.01 -3045.55 -3040.77 -3036.44 -3031.84 -3030.04 -3031.85 -3031.73 -3029.91 -3028.24 -3028.13 -3028.53 -3026.60 -3024.74 -3020.24 -3017.38 -3015.37 -3011.18 -3007.98 -3003.83 -2999.32 -2992.63 -2986.90 -2985.73 -2981.55 -2975.03 -2972.91 -2972.09 -2972.15 -2974.83 -2978.07 -2982.43 -2984.64 -2991.84 -2997.78 -3002.46 -3007.76 -3011.16 -3013.55 -3015.65 -3022.04 -3028.39 -3032.77 -3040.28 -3050.60 -3059.58 -3069.65 -3076.59 -3085.22 -3091.05 -3097.13
-3064.97 -3062.61 -3059.95 -3055.91 -3054.79 -3054.03 -3052.64 -3049.50 -3046.64 -3043.58 -3037.92 -3034.56 -3032.83 -3027.88 -3023.03 -3018.94 -3018.51 -3018.11 -3019.18 -3018.61 -3018.05 -3016.97 -3018.60 -3016.91 -3014.49 -3010.64 -3007.94 -3004.04 -3000.92 -3000.31 -2995.62 -2990.26 -2983.78 -2979.99 -2976.25 -2972.99 -2968.52 -2963.08 -2959.67 -2958.56 -2959.47 -2960.82 -2965.10 -2967.50 -2970.93 -2974.60 -2982.21 -2987.47 -2989.49 -2993.05 -2997.70 -3001.18 -3004.29 -3009.66 -3016.94 -3022.98 -3032.34 -3042.00 -3051.26 -3058.36 -3067.24 -3073.17 -3082.00
-3055.21 -3048.89 -3043.54 -3040.79 -3036.09 -3032.56 -3030.83 -3026.65 -3023.47 -3018.20 -3015.91 -3012.79 -3012.21 -3009.12 -3004.23 -3002.34 -3002.95 -3004.22 -3003.32 -3003.81 -3005.91 -3004.07 -3002.95 -3003.35 -3000.98 -2996.88 -2993.02 -2990.92 -2989.73 -2986.02 -2982.52 -2975.65 -2970.51 -2967.31 -2962.93 -2958.67 -2953.45 -2950.32 -2946.86 -2945.59 -2947.81 -2949.45 -2950.00 -2952.11 -2955.64 -2961.29 -2965.92 -2968.55 -2972.23 -2973.66 -2980.06 -2982.48 -2986.87 -2992.59 -2999.90 -3006.89 -3014.96 -3026.17 -3037.15 -3040.43 -3047.73 -3057.59 -3065.76
-3043.23 -3036.30 -3027.59 -3024.40 -3018.10 -3011.44 -3006.79 -3001.79 -2995.02 -2991.09 -2990.66 -2990.57 -2988.80 -2986.85 -2986.71 -2986.56 -2988.34 -2989.24 -2989.40 -2988.91 -2989.07 -2988.00 -2987.62 -2987.79 -2986.44 -2981.37 -2977.60 -2978.59 -2977.34 -2973.69 -2967.31 -2964.08 -2958.34 -2952.95 -2949.33 -2945.38 -2941.31 -2936.02 -2934.47 -2933.64 -2935.43 -2937.09 -2936.71 -2938.02 -2942.64 -2946.07 -2948.08 -2950.22 -2952.98 -2956.61 -2959.18 -2964.56 -2969.38 -2975.13 -2982.42 -2990.12 -3001.73 -3010.82 -3020.91 -3024.78 -3031.39 -3041.67 -3051.97
-3036.07 -3029.20 -3019.80 -3011.78 -3006.48 -2999.47 -2989.60 -2980.32 -2973.34 -2970.20 -2970.30 -2970.54 -2970.15 -2971.54 -2972.49 -2976.27 -2976.48 -2979.63 -2980.22 -2978.81 -2977.22 -2977.25 -2978.12 -2974.76 -2971.92 -2969.42 -2967.10 -2967.02 -2966.18 -2963.64 -2958.36 -2953.84 -2949.01 -2944.83 -2939.12 -2936.74 -2929.36 -2925.28 -2924.64 -2926.10 -2925.10 -2925.03 -2927.05 -2928.53 -2930.95 -2934.27 -2936.81 -2937.34 -2938.95 -2940.56 -2945.71 -2950.01 -2955.45 -2961.72 -2966.91 -2979.30 -2989.60 -2999.97 -3007.90 -3013.76 -3021.47 -3030.11 -3041.22
-3022.63 -3014.96 -3002.43 -2996.67 -2987.25 -2976.89 -2963.23 -2949.80 -2944.00 -2941.73 -2940.61 -2942.29 -2944.40 -2946.39 -2949.22 -2954.69 -2960.48 -2961.99 -2962.70 -2963.10 -2961.68 -2962.39 -2960.68 -2959.07 -2954.39 -2953.41 -2951.51 -2950.35 -2949.55 -2949.00 -2943.69 -2938.02 -2934.07 -2931.57 -2926.51 -2920.44 -2916.52 -2912.28 -2910.38 -2910.90 -2909.77 -2910.11 -2909.76 -2912.60 -2912.82 -2915.72 -2917.68 -2917.91 -2917.70 -2921.52 -2926.24 -2929.66 -2932.51 -2939.31 -2947.95 -2957.49 -2969.90 -2979.78 -2989.63 -2995.74 -3004.61 -3017.14 -3029.16
-3009.58 -2996.17 -2986.08 -2978.27 -2966.70 -2950.62 -2936.46 -2922.13 -2911.93 -2911.98 -2913.17 -2914.87 -2917.80 -2920.95 -2926.14 -2932.42 -2938.55 -2942.20 -2942.10 -2944.15 -2946.79 -2943.94 -2944.13 -2942.14 -2939.22 -2935.75 -2933.73 -2934.55 -2932.55 -2929.80 -2924.78 -2921.30 -2917.79 -2916.24 -2910.17 -2904.96 -2901.06 -2899.66 -2896.61 -2894.98 -2895.22 -2893.27 -2892.45 -2892.62 -2896.11 -2895.55 -2894.91 -2895.05 -2895.70 -2899.30 -2903.16 -2905.61 -2908.79 -2915.93 -2924.77 -2933.99 -2944.96 -2958.15 -2967.54 -2972.81 -2985.59 -3002.15 -3017.53
