src/uuv_eskf_nav/terrain_with_noise.asc
ncols         240
nrows         242
xllcorner     131.5
yllcorner     39.475
cellsize      0.004166666667
NODATA_value  -32767.0
[rows 140 to 167 of 242, columns 126 to 188 of 240]
-2994.72 -2982.47 -2967.75 -2959.36 -2943.51 -2923.80 -2906.51 -2888.82 -2880.60 -2882.34 -2889.14 -2889.72 -2891.13 -2897.15 -2905.06 -2910.43 -2915.68 -2919.59 -2921.83 -2922.86 -2925.01 -2926.60 -2925.95 -2925.19 -2921.94 -2918.63 -2917.64 -2918.00 -2915.34 -2908.58 -2905.77 -2903.84 -2899.64 -2895.04 -2892.37 -2889.47 -2885.95 -2882.92 -2882.74 -2880.51 -2878.29 -2875.93 -2873.02 -2874.06 -2874.67 -2872.60 -2869.57 -2868.45 -2871.63 -2872.66 -2876.03 -2879.75 -2883.56 -2888.80 -2897.39 -2908.23 -2919.02 -2928.85 -2940.52 -2948.81 -2963.15 -2983.19 -3000.14
-2986.64 -2973.63 -2956.91 -2944.67 -2928.86 -2907.12 -2884.76 -2868.52 -2860.16 -2865.45 -2871.28 -2873.01 -2876.28 -2880.91 -2889.15 -2893.41 -2896.57 -2900.65 -2903.17 -2903.29 -2906.07 -2908.48 -2908.54 -2905.28 -2904.57 -2905.07 -2903.92 -2902.25 -2898.41 -2894.82 -2889.33 -2886.30 -2882.47 -2877.44 -2874.61 -2870.57 -2867.92 -2866.19 -2867.17 -2864.87 -2861.04 -2857.64 -2857.75 -2855.30 -2853.00 -2849.20 -2846.36 -2844.22 -2843.65 -2846.64 -2849.13 -2851.36 -2855.72 -2860.44 -2868.49 -2878.58 -2889.48 -2898.23 -2911.30 -2921.80 -2937.77 -2954.79 -2977.96
-2981.25 -2967.89 -2954.00 -2942.92 -2925.87 -2904.13 -2883.26 -2866.44 -2860.88 -2860.92 -2863.62 -2865.35 -2868.37 -2872.61 -2876.55 -2882.81 -2883.58 -2884.05 -2884.15 -2885.86 -2887.67 -2888.78 -2888.72 -2886.99 -2886.88 -2888.02 -2889.23 -2885.73 -2885.14 -2880.80 -2874.82 -2869.89 -2866.68 -2861.86 -2854.87 -2851.93 -2850.19 -2849.21 -2846.91 -2844.18 -2841.22 -2838.41 -2836.30 -2834.16 -2829.89 -2825.28 -2821.87 -2816.89 -2816.84 -2818.09 -2820.30 -2819.06 -2821.56 -2829.30 -2835.77 -2843.21 -2851.61 -2862.35 -2874.10 -2884.36 -2900.65 -2920.83 -2940.65
-2978.24 -2967.72 -2955.32 -2946.34 -2928.44 -2910.29 -2892.48 -2877.03 -2867.26 -2865.34 -2865.57 -2864.54 -2866.08 -2868.48 -2872.31 -2873.42 -2873.23 -2871.07 -2870.74 -2872.51 -2872.47 -2871.30 -2869.71 -2869.74 -2869.60 -2871.18 -2873.06 -2873.46 -2869.55 -2865.98 -2862.22 -2858.35 -2854.14 -2846.76 -2839.47 -2834.93 -2834.17 -2830.78 -2826.69 -2824.69 -2821.47 -2816.80 -2812.59 -2812.29 -2808.89 -2801.73 -2796.43 -2793.76 -2791.59 -2791.36 -2789.48 -2789.34 -2790.33 -2793.68 -2799.93 -2803.53 -2811.59 -2822.78 -2833.77 -2843.15 -2859.70 -2880.01 -2899.78
-2978.72 -2968.03 -2957.44 -2949.17 -2934.09 -2917.29 -2901.03 -2887.84 -2876.30 -2872.48 -2870.06 -2867.14 -2864.94 -2867.41 -2867.63 -2866.82 -2863.75 -2862.24 -2860.61 -2858.97 -2859.81 -2857.91 -2856.77 -2855.75 -2856.18 -2858.24 -2859.34 -2860.46 -2856.12 -2853.42 -2851.55 -2847.60 -2839.29 -2833.73 -2827.10 -2823.81 -2818.27 -2814.73 -2810.75 -2804.95 -2800.24 -2796.02 -2792.39 -2790.16 -2785.34 -2778.43 -2773.14 -2771.78 -2769.58 -2765.11 -2762.73 -2762.26 -2760.30 -2762.03 -2763.82 -2768.21 -2772.20 -2780.08 -2793.60 -2803.81 -2818.56 -2838.36 -2859.58
-2978.16 -2969.56 -2956.80 -2948.88 -2937.20 -2921.35 -2907.27 -2894.35 -2886.51 -2878.28 -2873.93 -2871.02 -2869.18 -2867.60 -2865.52 -2861.09 -2857.30 -2855.94 -2853.21 -2852.99 -2851.20 -2851.99 -2848.21 -2847.86 -2850.55 -2852.91 -2852.23 -2849.73 -2847.64 -2845.03 -2841.81 -2837.67 -2832.20 -2824.68 -2819.49 -2815.51 -2811.27 -2807.18 -2800.85 -2794.22 -2785.12 -2782.85 -2777.69 -2772.74 -2767.55 -2762.38 -2759.54 -2755.08 -2752.14 -2750.55 -2746.44 -2744.30 -2742.79 -2741.77 -2742.59 -2743.67 -2746.03 -2752.79 -2764.47 -2776.81 -2788.72 -2808.36 -2830.81
-2980.29 -2970.83 -2961.23 -2952.05 -2940.41 -2928.17 -2915.31 -2906.65 -2897.64 -2888.30 -2881.64 -2878.44 -2875.39 -2869.25 -2864.10 -2858.98 -2853.35 -2847.18 -2845.26 -2843.09 -2842.29 -2840.06 -2840.92 -2840.88 -2843.18 -2844.49 -2842.44 -2841.06 -2838.81 -2835.66 -2830.62 -2825.79 -2820.95 -2814.25 -2806.94 -2805.32 -2801.85 -2794.20 -2785.72 -2777.42 -2771.88 -2763.66 -2758.14 -2752.86 -2745.33 -2739.93 -2735.40 -2731.59 -2728.04 -2725.45 -2720.76 -2715.93 -2714.31 -2714.76 -2711.51 -2708.89 -2709.96 -2716.24 -2725.20 -2732.22 -2746.78 -2765.97 -2788.71
-2985.01 -2977.27 -2967.29 -2956.88 -2945.88 -2933.96 -2926.14 -2914.89 -2905.62 -2897.29 -2890.16 -2885.89 -2880.47 -2873.65 -2865.90 -2856.81 -2849.46 -2842.93 -2838.44 -2836.65 -2832.72 -2829.81 -2832.50 -2833.77 -2835.89 -2834.53 -2835.47 -2831.60 -2828.84 -2824.42 -2820.66 -2814.85 -2807.89 -2801.41 -2795.87 -2792.54 -2788.70 -2780.12 -2769.84 -2762.29 -2754.58 -2745.09 -2736.69 -2731.61 -2724.72 -2714.95 -2710.71 -2705.23 -2700.08 -2694.08 -2689.20 -2687.09 -2683.08 -2680.84 -2676.66 -2672.82 -2673.60 -2679.61 -2685.88 -2691.06 -2702.77 -2718.91 -2741.29
-2995.91 -2985.30 -2973.99 -2965.59 -2954.47 -2943.44 -2933.15 -2924.24 -2913.86 -2905.16 -2897.36 -2890.91 -2885.62 -2877.57 -2867.70 -2856.09 -2848.29 -2842.99 -2836.24 -2831.89 -2828.58 -2826.40 -2826.69 -2827.19 -2828.02 -2827.90 -2825.01 -2823.94 -2819.37 -2816.04 -2812.32 -2803.98 -2796.70 -2790.63 -2787.85 -2782.69 -2775.37 -2766.60 -2757.49 -2746.52 -2738.41 -2729.00 -2720.08 -2712.48 -2704.83 -2696.49 -2689.47 -2684.30 -2675.37 -2667.82 -2662.81 -2658.99 -2655.17 -2649.28 -2647.34 -2644.17 -2643.73 -2649.26 -2658.57 -2662.34 -2671.82 -2686.22 -2707.17
-3010.18 -2993.80 -2982.46 -2975.20 -2965.26 -2953.87 -2943.49 -2934.79 -2924.03 -2910.92 -2901.57 -2898.65 -2889.65 -2879.79 -2868.39 -2857.84 -2849.59 -2843.15 -2837.92 -2831.85 -2828.36 -2825.11 -2822.76 -2822.22 -2821.91 -2819.11 -2815.15 -2812.62 -2811.61 -2807.50 -2801.38 -2795.91 -2789.23 -2783.73 -2777.52 -2772.47 -2764.76 -2754.57 -2744.35 -2732.07 -2722.01 -2713.40 -2702.02 -2693.51 -2686.07 -2678.14 -2670.91 -2659.68 -2652.12 -2644.50 -2636.21 -2631.65 -2625.90 -2621.80 -2617.52 -2614.50 -2616.02 -2622.71 -2632.94 -2637.86 -2646.21 -2663.55 -2684.20
-3012.50 -3001.04 -2991.06 -2982.40 -2974.00 -2964.66 -2953.99 -2944.00 -2931.44 -2919.63 -2909.36 -2903.61 -2894.00 -2880.45 -2869.45 -2860.29 -2849.35 -2844.04 -2839.16 -2835.17 -2828.87 -2825.23 -2823.55 -2820.91 -2816.74 -2811.27 -2806.35 -2804.83 -2802.06 -2798.21 -2791.91 -2786.08 -2782.22 -2775.66 -2770.36 -2766.48 -2757.07 -2744.44 -2731.92 -2723.04 -2710.78 -2697.75 -2685.99 -2678.75 -2669.67 -2661.29 -2652.44 -2641.98 -2631.28 -2622.72 -2613.88 -2606.09 -2602.71 -2596.35 -2590.48 -2588.57 -2592.18 -2601.10 -2608.05 -2615.31 -2625.79 -2642.76 -2660.14
-3011.96 -3004.13 -2994.17 -2987.86 -2980.50 -2974.49 -2964.09 -2952.12 -2940.63 -2928.78 -2917.06 -2908.42 -2898.00 -2885.41 -2871.06 -2861.44 -2853.60 -2847.15 -2842.11 -2836.77 -2831.81 -2827.11 -2824.80 -2821.13 -2813.06 -2807.87 -2802.87 -2798.93 -2793.81 -2790.13 -2784.89 -2779.44 -2772.75 -2769.23 -2763.96 -2757.67 -2748.97 -2736.37 -2725.16 -2713.18 -2701.12 -2686.24 -2672.27 -2665.85 -2656.11 -2645.10 -2635.04 -2625.03 -2611.79 -2602.02 -2592.80 -2587.62 -2578.86 -2572.47 -2567.44 -2566.55 -2570.46 -2579.14 -2588.26 -2594.76 -2607.30 -2622.91 -2638.34
-3019.02 -3008.03 -2996.93 -2993.06 -2988.21 -2979.26 -2970.64 -2960.44 -2948.27 -2937.12 -2923.32 -2913.72 -2901.93 -2888.72 -2875.54 -2864.80 -2857.92 -2851.98 -2842.13 -2838.62 -2835.02 -2830.40 -2825.76 -2819.70 -2813.70 -2805.08 -2800.25 -2795.61 -2790.97 -2785.74 -2778.93 -2772.49 -2766.98 -2763.57 -2758.36 -2750.40 -2740.92 -2731.51 -2719.18 -2707.26 -2693.93 -2680.25 -2665.73 -2655.29 -2646.58 -2633.87 -2622.48 -2609.85 -2596.09 -2584.13 -2575.85 -2568.60 -2558.80 -2550.76 -2548.14 -2547.80 -2548.95 -2560.32 -2571.07 -2579.77 -2590.48 -2606.45 -2621.97
-3016.98 -3008.08 -2999.86 -2998.24 -2993.02 -2984.73 -2975.78 -2966.04 -2954.33 -2939.79 -2929.92 -2919.47 -2906.43 -2891.67 -2880.02 -2869.91 -2861.92 -2853.26 -2845.99 -2839.97 -2837.07 -2832.14 -2825.59 -2820.05 -2813.62 -2805.77 -2798.37 -2796.49 -2792.08 -2783.83 -2776.65 -2770.68 -2765.73 -2759.07 -2752.48 -2745.26 -2736.14 -2725.93 -2716.82 -2703.15 -2690.18 -2676.70 -2662.27 -2653.20 -2642.77 -2631.08 -2614.64 -2598.94 -2585.93 -2574.02 -2561.69 -2552.91 -2543.98 -2536.68 -2532.51 -2531.43 -2536.87 -2545.72 -2558.59 -2565.02 -2577.64 -2593.03 -2607.82
-3014.56 -3010.82 -3006.17 -3001.84 -2999.91 -2992.09 -2982.71 -2971.88 -2960.88 -2948.32 -2934.44 -2925.63 -2911.51 -2897.11 -2887.20 -2877.71 -2867.45 -2858.17 -2850.82 -2844.99 -2838.79 -2833.27 -2828.94 -2818.93 -2811.86 -2804.44 -2800.85 -2797.00 -2791.81 -2785.37 -2777.01 -2771.92 -2764.82 -2756.90 -2748.10 -2741.00 -2730.89 -2719.73 -2709.93 -2700.60 -2686.59 -2672.22 -2660.65 -2651.91 -2641.85 -2625.70 -2611.30 -2593.77 -2577.86 -2563.64 -2548.60 -2538.57 -2527.89 -2518.14 -2513.17 -2511.61 -2516.07 -2524.82 -2535.10 -2545.05 -2558.70 -2573.34 -2588.08
-3015.94 -3013.50 -3009.99 -3009.78 -3006.35 -3001.17 -2990.76 -2978.95 -2969.32 -2955.93 -2942.35 -2929.44 -2918.82 -2904.92 -2893.05 -2884.72 -2874.45 -2865.94 -2855.72 -2849.69 -2843.81 -2836.40 -2829.25 -2820.07 -2810.46 -2805.13 -2801.52 -2796.69 -2791.54 -2785.26 -2779.91 -2771.45 -2765.05 -2756.66 -2745.81 -2737.60 -2726.56 -2717.24 -2706.42 -2695.64 -2682.04 -2669.03 -2658.93 -2653.20 -2640.71 -2624.57 -2608.91 -2590.78 -2572.45 -2555.79 -2540.63 -2526.62 -2511.92 -2499.80 -2492.81 -2487.68 -2488.90 -2498.36 -2510.18 -2519.51 -2533.73 -2549.83 -2565.09
-3016.54 -3014.99 -3014.15 -3017.14 -3013.20 -3006.28 -2998.94 -2989.30 -2977.54 -2965.59 -2949.07 -2938.47 -2924.64 -2913.00 -2900.58 -2890.27 -2882.74 -2870.15 -2860.56 -2854.65 -2849.50 -2840.69 -2830.05 -2821.22 -2812.45 -2806.18 -2801.42 -2798.71 -2792.70 -2787.12 -2778.88 -2773.35 -2765.15 -2758.20 -2746.82 -2735.85 -2727.31 -2718.04 -2706.87 -2693.33 -2682.26 -2671.96 -2660.33 -2653.16 -2643.48 -2627.77 -2610.24 -2592.29 -2572.50 -2556.27 -2536.55 -2521.25 -2503.01 -2490.04 -2480.39 -2467.93 -2464.50 -2474.57 -2488.60 -2496.18 -2510.03 -2529.45 -2547.58
-3018.77 -3022.58 -3019.66 -3019.44 -3017.47 -3011.47 -3004.28 -2996.84 -2984.55 -2971.57 -2958.85 -2947.40 -2933.39 -2920.87 -2909.31 -2898.95 -2885.58 -2875.74 -2865.27 -2859.21 -2852.73 -2842.65 -2833.02 -2824.33 -2815.86 -2809.83 -2803.43 -2801.29 -2795.55 -2786.30 -2781.22 -2776.26 -2767.43 -2757.38 -2746.07 -2740.00 -2728.95 -2721.54 -2709.85 -2699.01 -2686.64 -2677.05 -2665.90 -2659.52 -2650.11 -2634.43 -2615.34 -2598.31 -2582.89 -2563.09 -2542.48 -2527.03 -2509.85 -2493.27 -2477.92 -2466.58 -2460.22 -2465.37 -2476.43 -2485.23 -2497.86 -2518.27 -2535.72
-3020.46 -3023.91 -3021.53 -3022.52 -3020.16 -3015.52 -3007.93 -3000.63 -2991.65 -2980.01 -2965.88 -2955.45 -2942.99 -2930.78 -2919.69 -2905.57 -2892.24 -2879.92 -2870.28 -2862.97 -2853.71 -2846.01 -2835.06 -2826.27 -2817.41 -2813.90 -2808.13 -2803.91 -2797.37 -2790.96 -2783.36 -2778.55 -2769.58 -2759.00 -2749.80 -2742.82 -2734.46 -2724.38 -2717.46 -2706.96 -2694.97 -2686.94 -2677.51 -2671.81 -2659.55 -2644.87 -2629.22 -2613.20 -2595.09 -2576.94 -2555.13 -2540.44 -2521.67 -2502.72 -2483.81 -2467.29 -2459.02 -2459.07 -2469.76 -2479.65 -2492.39 -2509.37 -2527.74
-3026.92 -3026.43 -3028.32 -3027.29 -3026.23 -3019.96 -3011.23 -3004.36 -2996.65 -2985.10 -2971.10 -2962.71 -2953.88 -2941.16 -2926.57 -2914.67 -2900.32 -2886.03 -2873.68 -2865.58 -2856.34 -2844.73 -2835.79 -2825.48 -2820.52 -2815.92 -2810.45 -2804.72 -2798.77 -2794.69 -2787.63 -2779.95 -2771.49 -2763.48 -2752.84 -2746.01 -2739.44 -2732.56 -2723.75 -2714.91 -2706.47 -2698.29 -2693.16 -2685.04 -2674.19 -2660.40 -2646.70 -2631.16 -2613.03 -2595.72 -2575.48 -2557.01 -2536.42 -2516.95 -2494.09 -2468.54 -2453.88 -2459.14 -2470.43 -2477.18 -2488.86 -2506.50 -2527.54
-3030.24 -3031.33 -3032.72 -3033.54 -3028.77 -3021.87 -3016.76 -3008.39 -3000.02 -2986.89 -2976.44 -2967.79 -2959.64 -2948.53 -2934.71 -2921.28 -2907.38 -2892.46 -2878.70 -2870.62 -2859.06 -2845.97 -2834.62 -2828.24 -2820.98 -2814.66 -2810.53 -2806.31 -2801.85 -2796.42 -2791.40 -2783.75 -2775.54 -2767.08 -2758.34 -2752.52 -2748.04 -2740.33 -2731.78 -2723.89 -2719.05 -2714.10 -2705.41 -2700.86 -2692.72 -2680.73 -2668.38 -2654.47 -2640.41 -2622.49 -2602.13 -2585.06 -2564.71 -2542.81 -2517.37 -2483.29 -2456.16 -2466.41 -2485.98 -2489.68 -2498.74 -2518.09 -2536.14
-3033.89 -3034.03 -3034.24 -3034.25 -3030.83 -3024.69 -3017.41 -3010.68 -2998.84 -2988.87 -2978.52 -2970.88 -2961.85 -2951.66 -2940.90 -2925.10 -2910.16 -2897.02 -2884.85 -2872.93 -2861.40 -2847.19 -2837.13 -2828.53 -2822.03 -2814.69 -2809.11 -2806.72 -2801.47 -2796.84 -2793.05 -2787.35 -2778.50 -2770.23 -2764.82 -2760.07 -2754.07 -2746.82 -2740.20 -2733.43 -2728.36 -2722.82 -2718.14 -2712.13 -2705.99 -2696.09 -2686.43 -2676.98 -2664.35 -2649.01 -2629.40 -2617.07 -2598.11 -2574.22 -2546.84 -2511.20 -2431.36 -2462.75 -2510.51 -2511.22 -2519.54 -2533.81 -2552.07
-3035.91 -3037.07 -3034.58 -3033.35 -3031.22 -3025.25 -3018.46 -3011.46 -3003.76 -2990.79 -2981.05 -2975.45 -2966.96 -2956.88 -2943.55 -2929.99 -2914.04 -2902.40 -2888.20 -2875.54 -2863.99 -2852.23 -2840.12 -2831.29 -2823.89 -2817.68 -2811.54 -2805.78 -2803.61 -2799.25 -2794.80 -2789.03 -2782.87 -2777.69 -2773.80 -2772.01 -2765.76 -2760.65 -2756.54 -2750.70 -2745.00 -2742.94 -2739.86 -2734.82 -2728.91 -2725.81 -2723.12 -2716.95 -2710.39 -2698.59 -2687.48 -2678.49 -2664.40 -2641.41 -2613.03 -2586.46 -2560.94 -2555.88 -2559.27 -2561.67 -2562.96 -2571.74 -2584.47
-3034.67 -3035.86 -3034.04 -3032.78 -3030.53 -3025.47 -3019.67 -3013.22 -3005.35 -2994.97 -2984.25 -2980.59 -2973.82 -2959.72 -2945.35 -2931.96 -2918.25 -2903.14 -2889.76 -2878.81 -2865.22 -2853.45 -2843.56 -2835.49 -2828.06 -2820.56 -2812.58 -2808.33 -2804.34 -2802.68 -2796.03 -2789.98 -2787.37 -2783.55 -2782.48 -2780.44 -2780.29 -2775.75 -2771.67 -2770.08 -2767.83 -2765.90 -2763.64 -2761.08 -2758.26 -2759.20 -2759.39 -2759.52 -2757.10 -2755.63 -2749.50 -2745.15 -2734.51 -2714.27 -2686.29 -2655.65 -2634.09 -2623.62 -2615.89 -2612.48 -2609.94 -2613.92 -2623.36
-3034.88 -3034.37 -3035.12 -3031.63 -3027.60 -3024.72 -3020.55 -3013.74 -3005.76 -2997.15 -2989.74 -2984.53 -2976.18 -2964.31 -2947.98 -2934.34 -2918.91 -2904.20 -2889.73 -2879.43 -2867.71 -2853.44 -2846.16 -2839.15 -2830.11 -2821.86 -2815.78 -2813.17 -2807.30 -2802.59 -2798.29 -2794.07 -2789.72 -2790.50 -2789.16 -2791.26 -2790.68 -2789.47 -2788.21 -2789.28 -2792.02 -2790.20 -2789.08 -2789.33 -2790.43 -2793.21 -2798.73 -2804.40 -2807.16 -2808.63 -2811.29 -2812.33 -2804.97 -2786.51 -2756.98 -2728.91 -2704.68 -2689.53 -2677.11 -2668.19 -2663.22 -2661.75 -2664.14
-3034.19 -3035.02 -3031.97 -3031.00 -3028.56 -3024.79 -3021.37 -3013.97 -3006.91 -2999.79 -2992.71 -2987.50 -2977.90 -2965.85 -2951.00 -2934.10 -2919.66 -2906.48 -2890.43 -2878.79 -2866.69 -2856.50 -2847.46 -2840.09 -2831.84 -2823.16 -2817.38 -2814.22 -2810.30 -2806.00 -2802.05 -2798.27 -2795.30 -2796.08 -2799.65 -2800.05 -2800.07 -2802.00 -2804.95 -2809.06 -2811.00 -2815.04 -2817.00 -2819.99 -2824.15 -2830.78 -2839.72 -2849.68 -2857.74 -2863.91 -2872.60 -2881.40 -2877.82 -2856.80 -2829.49 -2801.69 -2776.62 -2754.92 -2738.98 -2728.96 -2717.47 -2712.91 -2709.77
-3033.90 -3033.50 -3031.39 -3029.64 -3029.70 -3026.32 -3019.88 -3016.40 -3010.08 -3001.24 -2993.22 -2988.15 -2979.55 -2964.55 -2950.08 -2934.36 -2920.57 -2905.64 -2890.53 -2877.56 -2868.73 -2857.51 -2847.91 -2837.77 -2830.48 -2824.33 -2816.92 -2814.58 -2812.04 -2808.48 -2804.34 -2802.19 -2802.88 -2805.04 -2808.27 -2809.11 -2810.42 -2814.20 -2819.78 -2824.04 -2829.59 -2834.44 -2842.06 -2844.41 -2852.44 -2864.25 -2875.38 -2886.86 -2898.56 -2909.11 -2920.78 -2930.01 -2931.06 -2911.59 -2881.71 -2856.65 -2831.14 -2809.32 -2791.81 -2780.33 -2768.64 -2758.12 -2754.68
-3026.69 -3028.67 -3028.23 -3027.93 -3028.53 -3026.39 -3023.09 -3016.53 -3011.79 -3002.19 -2994.79 -2989.65 -2978.76 -2962.40 -2947.04 -2933.82 -2918.92 -2902.53 -2888.72 -2879.07 -2867.01 -2856.56 -2848.49 -2838.91 -2830.95 -2822.59 -2817.66 -2814.28 -2813.87 -2810.50 -2807.45 -2807.67 -2810.93 -2813.72 -2817.43 -2819.82 -2823.97 -2826.93 -2832.18 -2839.97 -2846.06 -2852.77 -2859.71 -2866.35 -2876.91 -2888.78 -2902.65 -2912.94 -2927.28 -2938.81 -2949.40 -2954.05 -2948.71 -2938.28 -2915.98 -2892.63 -2873.37 -2853.68 -2834.71 -2824.45 -2813.47 -2803.82 -2795.67
